1.9721E-01
1.9718E-01
1.9713E-01
1.9712E-01
1.9707E-01
1.9705E-01
1.9701E-01
1.9697E-01
1.9696E-01
1.9696E-01
1.9694E-01
1.9696E-01
1.9694E-01
1.9694E-01
1.9696E-01
1.9701E-01
1.9701E-01
1.9704E-01
1.9709E-01
1.9713E-01
1.9716E-01
1.9723E-01
1.9728E-01
1.9732E-01
1.9739E-01
1.9746E-01
1.9751E-01
1.9761E-01
1.9765E-01
1.9773E-01
1.9781E-01
1.9791E-01
1.9797E-01
1.9805E-01
1.9814E-01
1.9824E-01
1.9832E-01
1.9843E-01
1.9851E-01
1.9859E-01
1.9870E-01
1.9879E-01
1.9887E-01
1.9898E-01
1.9905E-01
1.9912E-01
1.9919E-01
1.9928E-01
1.9931E-01
1.9938E-01
1.9941E-01
1.9946E-01
1.9946E-01
1.9949E-01
1.9946E-01
1.9944E-01
1.9941E-01
1.9938E-01
1.9930E-01
1.9924E-01
1.9912E-01
1.9903E-01
1.9890E-01
1.9881E-01
1.9865E-01
1.9851E-01
1.9837E-01
1.9822E-01
1.9805E-01
1.9791E-01
1.9775E-01
1.9759E-01
1.9745E-01
1.9732E-01
1.9718E-01
1.9707E-01
1.9694E-01
1.9685E-01
1.9675E-01
1.9672E-01
1.9664E-01
1.9661E-01
1.9660E-01
1.9660E-01
1.9660E-01
1.9664E-01
1.9667E-01
1.9674E-01
1.9682E-01
1.9691E-01
1.9701E-01
1.9712E-01
1.9723E-01
1.9735E-01
1.9748E-01
1.9762E-01
1.9773E-01
1.9788E-01
1.9800E-01
1.9813E-01
1.9824E-01
1.9837E-01
1.9846E-01
1.9854E-01
1.9863E-01
1.9871E-01
1.9876E-01
1.9882E-01
1.9886E-01
1.9887E-01
1.9887E-01
1.9890E-01
1.9886E-01
1.9884E-01
1.9881E-01
1.9879E-01
1.9873E-01
1.9868E-01
1.9862E-01
1.9856E-01
1.9851E-01
1.9846E-01
1.9838E-01
1.9835E-01
1.9829E-01
1.9824E-01
1.9819E-01
1.9819E-01
1.9813E-01
1.9813E-01
1.9811E-01
1.9811E-01
1.9810E-01
1.9810E-01
1.9810E-01
1.9810E-01
1.9810E-01
1.9811E-01
1.9810E-01
1.9811E-01
1.9810E-01
1.9808E-01
1.9805E-01
1.9805E-01
1.9799E-01
1.9794E-01
1.9788E-01
1.9783E-01
1.9773E-01
1.9767E-01
1.9756E-01
1.9745E-01
1.9735E-01
1.9726E-01
1.9715E-01
1.9705E-01
1.9694E-01
1.9685E-01
1.9677E-01
1.9672E-01
1.9664E-01
1.9661E-01
1.9658E-01
1.9660E-01
1.9661E-01
1.9666E-01
1.9672E-01
1.9680E-01
1.9691E-01
1.9707E-01
1.9721E-01
1.9739E-01
1.9756E-01
1.9777E-01
1.9797E-01
1.9822E-01
1.9843E-01
1.9865E-01
1.9887E-01
1.9911E-01
1.9930E-01
1.9950E-01
1.9966E-01
1.9980E-01
1.9995E-01
2.0006E-01
2.0012E-01
2.0018E-01
2.0018E-01
2.0017E-01
2.0012E-01
2.0007E-01
1.9995E-01
1.9982E-01
1.9968E-01
1.9950E-01
1.9931E-01
1.9911E-01
1.9889E-01
1.9865E-01
1.9841E-01
1.9819E-01
1.9794E-01
1.9773E-01
1.9750E-01
1.9728E-01
1.9707E-01
1.9691E-01
1.9671E-01
1.9656E-01
1.9642E-01
1.9633E-01
1.9620E-01
1.9614E-01
1.9606E-01
1.9601E-01
1.9599E-01
1.9599E-01
1.9598E-01
1.9601E-01
1.9603E-01
1.9606E-01
1.9609E-01
1.9617E-01
1.9620E-01
1.9626E-01
1.9633E-01
1.9641E-01
1.9647E-01
1.9655E-01
1.9661E-01
1.9669E-01
1.9677E-01
1.9686E-01
1.9693E-01
1.9702E-01
1.9710E-01
1.9720E-01
1.9728E-01
1.9740E-01
1.9748E-01
1.9759E-01
1.9770E-01
1.9783E-01
1.9794E-01
1.9807E-01
1.9816E-01
1.9827E-01
1.9840E-01
1.9851E-01
1.9860E-01
1.9870E-01
1.9878E-01
1.9886E-01
1.9890E-01
1.9898E-01
1.9898E-01
1.9900E-01
1.9900E-01
1.9898E-01
1.9894E-01
1.9889E-01
1.9879E-01
1.9870E-01
1.9859E-01
1.9848E-01
1.9833E-01
1.9819E-01
1.9803E-01
1.9788E-01
1.9770E-01
1.9756E-01
1.9739E-01
1.9724E-01
1.9710E-01
1.9699E-01
1.9686E-01
1.9679E-01
1.9669E-01
1.9663E-01
1.9661E-01
1.9661E-01
1.9661E-01
1.9666E-01
1.9669E-01
1.9677E-01
1.9686E-01
1.9699E-01
1.9710E-01
1.9724E-01
1.9739E-01
1.9754E-01
1.9769E-01
1.9784E-01
1.9799E-01
1.9811E-01
1.9826E-01
1.9838E-01
1.9848E-01
1.9857E-01
1.9862E-01
1.9867E-01
1.9868E-01
1.9870E-01
1.9865E-01
1.9860E-01
1.9854E-01
1.9848E-01
1.9837E-01
1.9826E-01
1.9811E-01
1.9797E-01
1.9781E-01
1.9767E-01
1.9751E-01
1.9735E-01
1.9720E-01
1.9704E-01
1.9690E-01
1.9680E-01
1.9666E-01
1.9656E-01
1.9647E-01
1.9642E-01
1.9636E-01
1.9634E-01
1.9631E-01
1.9631E-01
1.9634E-01
1.9639E-01
1.9642E-01
1.9650E-01
1.9658E-01
1.9666E-01
1.9675E-01
1.9690E-01
1.9699E-01
1.9712E-01
1.9724E-01
1.9737E-01
1.9748E-01
1.9762E-01
1.9773E-01
1.9784E-01
1.9797E-01
1.9811E-01
1.9821E-01
1.9833E-01
1.9843E-01
1.9854E-01
1.9863E-01
1.9876E-01
1.9884E-01
1.9894E-01
1.9903E-01
1.9914E-01
1.9922E-01
1.9933E-01
1.9941E-01
1.9949E-01
1.9958E-01
1.9968E-01
1.9976E-01
1.9984E-01
1.9990E-01
1.9998E-01
2.0004E-01
2.0012E-01
2.0015E-01
2.0020E-01
2.0023E-01
2.0026E-01
2.0028E-01
2.0029E-01
2.0028E-01
2.0026E-01
2.0025E-01
2.0023E-01
2.0017E-01
2.0014E-01
2.0006E-01
1.9999E-01
1.9992E-01
1.9987E-01
1.9977E-01
1.9969E-01
1.9961E-01
1.9954E-01
1.9944E-01
1.9938E-01
1.9928E-01
1.9920E-01
1.9914E-01
1.9909E-01
1.9903E-01
1.9898E-01
1.9894E-01
1.9889E-01
1.9884E-01
1.9884E-01
1.9879E-01
1.9878E-01
1.9875E-01
1.9875E-01
1.9871E-01
1.9871E-01
1.9868E-01
1.9865E-01
1.9863E-01
1.9863E-01
1.9859E-01
1.9857E-01
1.9852E-01
1.9849E-01
1.9845E-01
1.9843E-01
1.9837E-01
1.9832E-01
1.9829E-01
1.9824E-01
1.9819E-01
1.9816E-01
1.9811E-01
1.9808E-01
1.9805E-01
1.9805E-01
1.9803E-01
1.9805E-01
1.9805E-01
1.9807E-01
1.9810E-01
1.9816E-01
1.9819E-01
1.9827E-01
1.9835E-01
1.9845E-01
1.9854E-01
1.9865E-01
1.9876E-01
1.9887E-01
1.9900E-01
1.9914E-01
1.9927E-01
1.9941E-01
1.9952E-01
1.9965E-01
1.9974E-01
1.9988E-01
1.9995E-01
2.0004E-01
2.0010E-01
2.0017E-01
2.0018E-01
2.0022E-01
2.0020E-01
2.0018E-01
2.0015E-01
2.0012E-01
2.0003E-01
1.9996E-01
1.9985E-01
1.9973E-01
1.9960E-01
1.9949E-01
1.9933E-01
1.9919E-01
1.9903E-01
1.9889E-01
1.9873E-01
1.9859E-01
1.9843E-01
1.9829E-01
1.9818E-01
1.9807E-01
1.9795E-01
1.9788E-01
1.9778E-01
1.9772E-01
1.9767E-01
1.9767E-01
1.9764E-01
1.9764E-01
1.9767E-01
1.9772E-01
1.9775E-01
1.9783E-01
1.9788E-01
1.9795E-01
1.9805E-01
1.9816E-01
1.9824E-01
1.9835E-01
1.9843E-01
1.9852E-01
1.9859E-01
1.9870E-01
1.9875E-01
1.9881E-01
1.9887E-01
1.9894E-01
1.9895E-01
1.9900E-01
1.9900E-01
1.9900E-01
1.9901E-01
1.9901E-01
1.9898E-01
1.9897E-01
1.9894E-01
1.9890E-01
1.9886E-01
1.9884E-01
1.9879E-01
1.9876E-01
1.9873E-01
1.9871E-01
1.9867E-01
1.9867E-01
1.9863E-01
1.9860E-01
1.9860E-01
1.9862E-01
1.9860E-01
1.9860E-01
1.9859E-01
1.9859E-01
1.9859E-01
1.9860E-01
1.9857E-01
1.9857E-01
1.9856E-01
1.9856E-01
1.9851E-01
1.9848E-01
1.9843E-01
1.9837E-01
1.9830E-01
1.9826E-01
1.9816E-01
1.9810E-01
1.9799E-01
1.9789E-01
1.9778E-01
1.9772E-01
1.9759E-01
1.9750E-01
1.9742E-01
1.9734E-01
1.9724E-01
1.9720E-01
1.9713E-01
1.9709E-01
1.9707E-01
1.9709E-01
1.9709E-01
1.9713E-01
1.9718E-01
1.9726E-01
1.9734E-01
1.9748E-01
1.9759E-01
1.9775E-01
1.9791E-01
1.9810E-01
1.9829E-01
1.9849E-01
1.9870E-01
1.9890E-01
1.9911E-01
1.9933E-01
1.9954E-01
1.9974E-01
1.9992E-01
2.0009E-01
2.0023E-01
2.0041E-01
2.0050E-01
2.0059E-01
2.0067E-01
2.0072E-01
2.0074E-01
2.0074E-01
2.0069E-01
2.0063E-01
2.0055E-01
2.0044E-01
2.0029E-01
2.0014E-01
1.9995E-01
1.9974E-01
1.9952E-01
1.9930E-01
1.9903E-01
1.9878E-01
1.9852E-01
1.9827E-01
1.9800E-01
1.9775E-01
1.9750E-01
1.9724E-01
1.9702E-01
1.9682E-01
1.9660E-01
1.9644E-01
1.9626E-01
1.9612E-01
1.9599E-01
1.9593E-01
1.9584E-01
1.9581E-01
1.9579E-01
1.9581E-01
1.9582E-01
1.9587E-01
1.9593E-01
1.9601E-01
1.9612E-01
1.9625E-01
1.9637E-01
1.9652E-01
1.9666E-01
1.9680E-01
1.9694E-01
1.9712E-01
1.9724E-01
1.9740E-01
1.9754E-01
1.9769E-01
1.9780E-01
1.9792E-01
1.9802E-01
1.9810E-01
1.9819E-01
1.9829E-01
1.9833E-01
1.9838E-01
1.9840E-01
1.9840E-01
1.9838E-01
1.9838E-01
1.9833E-01
1.9829E-01
1.9826E-01
1.9821E-01
1.9814E-01
1.9811E-01
1.9805E-01
1.9799E-01
1.9794E-01
1.9792E-01
1.9788E-01
1.9786E-01
1.9778E-01
1.9770E-01
1.9759E-01
1.9753E-01
1.9740E-01
1.9732E-01
1.9726E-01
1.9721E-01
1.9715E-01
1.9712E-01
1.9709E-01
1.9705E-01
1.9707E-01
1.9712E-01
1.9715E-01
1.9720E-01
1.9718E-01
1.9713E-01
1.9704E-01
1.9699E-01
1.9690E-01
1.9686E-01
1.9683E-01
1.9685E-01
1.9686E-01
1.9693E-01
1.9697E-01
1.9705E-01
1.9716E-01
1.9735E-01
1.9754E-01
1.9773E-01
1.9783E-01
1.9788E-01
1.9788E-01
1.9791E-01
1.9791E-01
1.9794E-01
1.9800E-01
1.9811E-01
1.9821E-01
1.9835E-01
1.9846E-01
1.9860E-01
1.9878E-01
1.9898E-01
1.9919E-01
1.9936E-01
1.9944E-01
1.9944E-01
1.9938E-01
1.9931E-01
1.9922E-01
1.9914E-01
1.9908E-01
1.9905E-01
1.9901E-01
1.9903E-01
1.9900E-01
1.9898E-01
1.9900E-01
1.9905E-01
1.9911E-01
1.9912E-01
1.9908E-01
1.9894E-01
1.9876E-01
1.9857E-01
1.9837E-01
1.9819E-01
1.9805E-01
1.9792E-01
1.9781E-01
1.9775E-01
1.9765E-01
1.9758E-01
1.9751E-01
1.9746E-01
1.9743E-01
1.9735E-01
1.9720E-01
1.9696E-01
1.9667E-01
1.9636E-01
1.9599E-01
1.9566E-01
1.9530E-01
1.9495E-01
1.9459E-01
1.9424E-01
1.9381E-01
1.9335E-01
1.9288E-01
1.9239E-01
1.9184E-01
1.9122E-01
1.9048E-01
1.8961E-01
1.8866E-01
1.8762E-01
1.8648E-01
1.8531E-01
1.8408E-01
1.8280E-01
1.8145E-01
1.8006E-01
1.7853E-01
1.7691E-01
1.7521E-01
1.7341E-01
1.7151E-01
1.6947E-01
1.6724E-01
1.6485E-01
1.6231E-01
1.5964E-01
1.5682E-01
1.5391E-01
1.5088E-01
1.4778E-01
1.4457E-01
1.4128E-01
1.3782E-01
1.3427E-01
1.3060E-01
1.2682E-01
1.2295E-01
1.1895E-01
1.1481E-01
1.1052E-01
1.0613E-01
1.0167E-01
9.712E-02
9.255E-02
8.796E-02
8.340E-02
7.883E-02
7.431E-02
6.975E-02
6.520E-02
6.070E-02
5.622E-02
5.181E-02
4.742E-02
4.305E-02
3.872E-02
3.445E-02
3.028E-02
2.617E-02
2.222E-02
1.839E-02
1.474E-02
1.126E-02
7.96E-03
4.75E-03
1.68E-03
-1.26E-03
-4.05E-03
-6.71E-03
-9.24E-03
-1.170E-02
-1.406E-02
-1.630E-02
-1.845E-02
-2.048E-02
-2.236E-02
-2.410E-02
-2.565E-02
-2.704E-02
-2.829E-02
-2.946E-02
-3.056E-02
-3.156E-02
-3.248E-02
-3.328E-02
-3.406E-02
-3.478E-02
-3.545E-02
-3.608E-02
-3.666E-02
-3.719E-02
-3.761E-02
-3.796E-02
-3.815E-02
-3.825E-02
-3.826E-02
-3.823E-02
-3.820E-02
-3.812E-02
-3.801E-02
-3.785E-02
-3.769E-02
-3.755E-02
-3.739E-02
-3.725E-02
-3.711E-02
-3.695E-02
-3.676E-02
-3.652E-02
-3.621E-02
-3.583E-02
-3.540E-02
-3.502E-02
-3.467E-02
-3.436E-02
-3.406E-02
-3.377E-02
-3.355E-02
-3.336E-02
-3.323E-02
-3.314E-02
-3.311E-02
-3.309E-02
-3.309E-02
-3.306E-02
-3.298E-02
-3.286E-02
-3.270E-02
-3.260E-02
-3.254E-02
-3.254E-02
-3.255E-02
-3.257E-02
-3.265E-02
-3.274E-02
-3.289E-02
-3.306E-02
-3.325E-02
-3.346E-02
-3.365E-02
-3.380E-02
-3.387E-02
-3.387E-02
-3.384E-02
-3.382E-02
-3.385E-02
-3.391E-02
-3.399E-02
-3.407E-02
-3.417E-02
-3.431E-02
-3.447E-02
-3.466E-02
-3.486E-02
-3.508E-02
-3.532E-02
-3.551E-02
-3.565E-02
-3.575E-02
-3.581E-02
-3.592E-02
-3.608E-02
-3.625E-02
-3.648E-02
-3.670E-02
-3.695E-02
-3.722E-02
-3.752E-02
-3.783E-02
-3.818E-02
-3.855E-02
-3.889E-02
-3.923E-02
-3.953E-02
-3.978E-02
-4.003E-02
-4.028E-02
-4.057E-02
-4.085E-02
-4.115E-02
-4.144E-02
-4.174E-02
-4.204E-02
-4.234E-02
-4.264E-02
-4.294E-02
-4.324E-02
-4.353E-02
-4.379E-02
-4.405E-02
-4.427E-02
-4.447E-02
-4.466E-02
-4.487E-02
-4.507E-02
-4.526E-02
-4.545E-02
-4.563E-02
-4.579E-02
-4.594E-02
-4.609E-02
-4.623E-02
-4.636E-02
-4.647E-02
-4.658E-02
-4.667E-02
-4.675E-02
-4.681E-02
-4.688E-02
-4.692E-02
-4.697E-02
-4.702E-02
-4.707E-02
-4.710E-02
-4.713E-02
-4.713E-02
-4.715E-02
-4.715E-02
-4.715E-02
-4.715E-02
-4.716E-02
-4.718E-02
-4.719E-02
-4.721E-02
-4.724E-02
-4.727E-02
-4.732E-02
-4.740E-02
-4.748E-02
-4.756E-02
-4.762E-02
-4.765E-02
-4.768E-02
-4.771E-02
-4.773E-02
-4.778E-02
-4.783E-02
-4.787E-02
-4.794E-02
-4.800E-02
-4.806E-02
-4.813E-02
-4.820E-02
-4.832E-02
-4.843E-02
-4.850E-02
-4.854E-02
-4.849E-02
-4.841E-02
-4.830E-02
-4.820E-02
-4.811E-02
-4.801E-02
-4.792E-02
-4.784E-02
-4.776E-02
-4.768E-02
-4.762E-02
-4.759E-02
-4.759E-02
-4.762E-02
-4.762E-02
-4.754E-02
-4.738E-02
-4.718E-02
-4.697E-02
-4.677E-02
-4.661E-02
-4.647E-02
-4.637E-02
-4.629E-02
-4.624E-02
-4.621E-02
-4.621E-02
-4.626E-02
-4.636E-02
-4.650E-02
-4.661E-02
-4.662E-02
-4.656E-02
-4.645E-02
-4.632E-02
-4.621E-02
-4.613E-02
-4.607E-02
-4.604E-02
-4.602E-02
-4.604E-02
-4.604E-02
-4.607E-02
-4.610E-02
-4.618E-02
-4.628E-02
-4.632E-02
-4.629E-02
-4.613E-02
-4.593E-02
-4.568E-02
-4.544E-02
-4.522E-02
-4.500E-02
-4.479E-02
-4.460E-02
-4.446E-02
-4.427E-02
-4.411E-02
-4.395E-02
-4.381E-02
-4.370E-02
-4.354E-02
-4.330E-02
-4.297E-02
-4.261E-02
-4.220E-02
-4.179E-02
-4.139E-02
-4.100E-02
-4.063E-02
-4.027E-02
-3.994E-02
-3.956E-02
-3.918E-02
-3.877E-02
-3.832E-02
-3.790E-02
-3.738E-02
-3.674E-02
-3.597E-02
-3.513E-02
-3.417E-02
-3.316E-02
-3.208E-02
-3.093E-02
-2.973E-02
-2.846E-02
-2.712E-02
-2.565E-02
-2.407E-02
-2.236E-02
-2.054E-02
-1.861E-02
-1.649E-02
-1.420E-02
-1.169E-02
-9.00E-03
-6.16E-03
-3.15E-03
-2E-05
3.25E-03
6.62E-03
1.008E-02
1.365E-02
1.738E-02
2.125E-02
2.525E-02
2.938E-02
3.360E-02
3.796E-02
4.248E-02
4.716E-02
5.195E-02
5.687E-02
6.185E-02
6.686E-02
7.192E-02
7.698E-02
8.202E-02
8.706E-02
9.214E-02
9.723E-02
1.0233E-01
1.0744E-01
1.1250E-01
1.1757E-01
1.2265E-01
1.2774E-01
1.3280E-01
1.3782E-01
1.4279E-01
1.4764E-01
1.5238E-01
1.5698E-01
1.6141E-01
1.6572E-01
1.6991E-01
1.7401E-01
1.7799E-01
1.8185E-01
1.8553E-01
1.8913E-01
1.9261E-01
1.9599E-01
1.9925E-01
2.0238E-01
2.0534E-01
2.0812E-01
2.1073E-01
2.1310E-01
2.1523E-01
2.1718E-01
2.1898E-01
2.2066E-01
2.2219E-01
2.2358E-01
2.2478E-01
2.2590E-01
2.2690E-01
2.2782E-01
2.2862E-01
2.2933E-01
2.2992E-01
2.3036E-01
2.3069E-01
2.3082E-01
2.3079E-01
2.3063E-01
2.3041E-01
2.3012E-01
2.2981E-01
2.2944E-01
2.2899E-01
2.2854E-01
2.2807E-01
2.2759E-01
2.2712E-01
2.2665E-01
2.2612E-01
2.2559E-01
2.2500E-01
2.2432E-01
2.2355E-01
2.2276E-01
2.2197E-01
2.2122E-01
2.2054E-01
2.1988E-01
2.1922E-01
2.1863E-01
2.1808E-01
2.1760E-01
2.1718E-01
2.1681E-01
2.1647E-01
2.1617E-01
2.1585E-01
2.1549E-01
2.1506E-01
2.1466E-01
2.1430E-01
2.1403E-01
2.1384E-01
2.1372E-01
2.1360E-01
2.1359E-01
2.1360E-01
2.1370E-01
2.1386E-01
2.1408E-01
2.1430E-01
2.1457E-01
2.1479E-01
2.1496E-01
2.1504E-01
2.1514E-01
2.1523E-01
2.1539E-01
2.1561E-01
2.1585E-01
2.1605E-01
2.1632E-01
2.1659E-01
2.1689E-01
2.1721E-01
2.1757E-01
2.1789E-01
2.1820E-01
2.1847E-01
2.1866E-01
2.1874E-01
2.1881E-01
2.1885E-01
2.1896E-01
2.1909E-01
2.1923E-01
2.1936E-01
2.1952E-01
2.1966E-01
2.1983E-01
2.2001E-01
2.2024E-01
2.2043E-01
2.2064E-01
2.2083E-01
2.2099E-01
2.2107E-01
2.2116E-01
2.2124E-01
2.2138E-01
2.2156E-01
2.2175E-01
2.2192E-01
2.2214E-01
2.2233E-01
2.2257E-01
2.2279E-01
2.2307E-01
2.2329E-01
2.2356E-01
2.2382E-01
2.2407E-01
2.2428E-01
2.2450E-01
2.2470E-01
2.2494E-01
2.2518E-01
2.2544E-01
2.2567E-01
2.2593E-01
2.2616E-01
2.2639E-01
2.2663E-01
2.2688E-01
2.2709E-01
2.2733E-01
2.2755E-01
2.2778E-01
2.2797E-01
2.2820E-01
2.2837E-01
2.2854E-01
2.2873E-01
2.2891E-01
2.2905E-01
2.2921E-01
2.2930E-01
2.2941E-01
2.2949E-01
2.2957E-01
2.2960E-01
2.2963E-01
2.2963E-01
2.2965E-01
2.2962E-01
2.2959E-01
2.2951E-01
2.2941E-01
2.2932E-01
2.2922E-01
2.2906E-01
2.2892E-01
2.2875E-01
2.2856E-01
2.2835E-01
2.2818E-01
2.2794E-01
2.2772E-01
2.2752E-01
2.2731E-01
2.2709E-01
2.2691E-01
2.2671E-01
2.2652E-01
2.2638E-01
2.2625E-01
2.2612E-01
2.2603E-01
2.2593E-01
2.2587E-01
2.2582E-01
2.2584E-01
2.2582E-01
2.2587E-01
2.2592E-01
2.2601E-01
2.2611E-01
2.2625E-01
2.2638E-01
2.2654E-01
2.2673E-01
2.2695E-01
2.2715E-01
2.2737E-01
2.2758E-01
2.2778E-01
2.2797E-01
2.2820E-01
2.2835E-01
2.2854E-01
2.2870E-01
2.2884E-01
2.2894E-01
2.2905E-01
2.2910E-01
2.2913E-01
2.2914E-01
2.2914E-01
2.2910E-01
2.2903E-01
2.2889E-01
2.2873E-01
2.2853E-01
2.2831E-01
2.2802E-01
2.2774E-01
2.2742E-01
2.2709E-01
2.2671E-01
2.2635E-01
2.2593E-01
2.2552E-01
2.2511E-01
2.2472E-01
2.2428E-01
2.2386E-01
2.2342E-01
2.2299E-01
2.2255E-01
2.2216E-01
2.2173E-01
2.2135E-01
2.2099E-01
2.2066E-01
2.2032E-01
2.2004E-01
2.1975E-01
2.1949E-01
2.1928E-01
2.1909E-01
2.1892E-01
2.1877E-01
2.1863E-01
2.1851E-01
2.1839E-01
2.1835E-01
2.1824E-01
2.1819E-01
2.1816E-01
2.1814E-01
2.1813E-01
2.1814E-01
2.1814E-01
2.1816E-01
2.1817E-01
2.1822E-01
2.1824E-01
2.1828E-01
2.1828E-01
2.1830E-01
2.1832E-01
2.1835E-01
2.1832E-01
2.1833E-01
2.1835E-01
2.1836E-01
2.1838E-01
2.1839E-01
2.1839E-01
2.1839E-01
2.1841E-01
2.1843E-01
2.1841E-01
2.1841E-01
2.1838E-01
2.1835E-01
2.1830E-01
2.1827E-01
2.1816E-01
2.1808E-01
2.1798E-01
2.1789E-01
2.1776E-01
2.1764E-01
2.1746E-01
2.1727E-01
2.1707E-01
2.1683E-01
2.1654E-01
2.1624E-01
2.1590E-01
2.1552E-01
2.1511E-01
2.1470E-01
2.1419E-01
2.1370E-01
2.1318E-01
2.1264E-01
2.1207E-01
2.1152E-01
2.1090E-01
2.1029E-01
2.0967E-01
2.0905E-01
2.0842E-01
2.0779E-01
2.0714E-01
2.0651E-01
2.0587E-01
2.0529E-01
2.0466E-01
2.0410E-01
2.0355E-01
2.0305E-01
2.0254E-01
2.0211E-01
2.0167E-01
2.0126E-01
2.0090E-01
2.0056E-01
2.0025E-01
1.9996E-01
1.9969E-01
1.9944E-01
1.9922E-01
1.9905E-01
1.9884E-01
1.9868E-01
1.9854E-01
1.9845E-01
1.9833E-01
1.9827E-01
1.9819E-01
1.9811E-01
1.9805E-01
1.9800E-01
1.9794E-01
1.9789E-01
1.9781E-01
1.9775E-01
1.9769E-01
1.9764E-01
1.9754E-01
1.9748E-01
1.9742E-01
1.9739E-01
1.9732E-01
1.9731E-01
1.9724E-01
1.9720E-01
1.9716E-01
1.9713E-01
1.9709E-01
1.9707E-01
1.9702E-01
1.9699E-01
1.9696E-01
1.9696E-01
1.9691E-01
1.9690E-01
1.9688E-01
1.9690E-01
1.9690E-01
1.9694E-01
1.9694E-01
1.9697E-01
1.9701E-01
1.9705E-01
1.9709E-01
1.9715E-01
1.9718E-01
1.9723E-01
1.9728E-01
1.9737E-01
1.9740E-01
1.9748E-01
1.9756E-01
1.9767E-01
1.9775E-01
1.9788E-01
1.9797E-01
1.9807E-01
1.9819E-01
1.9830E-01
1.9840E-01
1.9852E-01
1.9862E-01
1.9871E-01
1.9881E-01
1.9892E-01
1.9898E-01
1.9908E-01
1.9916E-01
1.9924E-01
1.9931E-01
1.9939E-01
1.9944E-01
1.9949E-01
1.9954E-01
1.9958E-01
1.9958E-01
1.9961E-01
1.9960E-01
1.9960E-01
1.9957E-01
1.9957E-01
1.9952E-01
1.9949E-01
1.9944E-01
1.9943E-01
1.9938E-01
1.9936E-01
1.9931E-01
1.9925E-01
1.9922E-01
1.9917E-01
1.9911E-01
1.9908E-01
1.9901E-01
1.9895E-01
1.9890E-01
1.9887E-01
1.9879E-01
1.9875E-01
1.9871E-01
1.9868E-01
1.9863E-01
1.9863E-01
1.9859E-01
1.9857E-01
1.9856E-01
1.9854E-01
1.9851E-01
1.9851E-01
1.9849E-01
1.9848E-01
1.9848E-01
1.9849E-01
1.9846E-01
1.9848E-01
1.9848E-01
1.9849E-01
1.9848E-01
1.9849E-01
1.9848E-01
1.9846E-01
1.9846E-01
1.9846E-01
1.9843E-01
1.9841E-01
1.9837E-01
1.9832E-01
1.9826E-01
1.9822E-01
1.9813E-01
1.9807E-01
1.9799E-01
1.9791E-01
1.9781E-01
1.9773E-01
1.9762E-01
1.9751E-01
1.9743E-01
1.9735E-01
1.9726E-01
1.9720E-01
1.9710E-01
1.9702E-01
1.9693E-01
1.9690E-01
1.9682E-01
1.9679E-01
1.9677E-01
1.9680E-01
1.9682E-01
1.9688E-01
1.9693E-01
1.9702E-01
1.9715E-01
1.9731E-01
1.9746E-01
1.9765E-01
1.9780E-01
1.9792E-01
1.9802E-01
1.9814E-01
1.9824E-01
1.9837E-01
1.9851E-01
1.9865E-01
1.9879E-01
1.9895E-01
1.9909E-01
1.9924E-01
1.9941E-01
1.9961E-01
1.9980E-01
1.9998E-01
2.0006E-01
2.0007E-01
2.0003E-01
1.9999E-01
1.9992E-01
1.9988E-01
1.9987E-01
1.9988E-01
1.9990E-01
1.9995E-01
1.9999E-01
2.0006E-01
2.0017E-01
2.0034E-01
2.0052E-01
2.0069E-01
2.0074E-01
2.0069E-01
2.0059E-01
2.0050E-01
2.0037E-01
2.0031E-01
2.0025E-01
2.0023E-01
2.0022E-01
2.0025E-01
2.0025E-01
2.0026E-01
2.0033E-01
2.0044E-01
2.0056E-01
2.0066E-01
2.0061E-01
2.0045E-01
2.0025E-01
2.0003E-01
1.9979E-01
1.9960E-01
1.9944E-01
1.9933E-01
1.9925E-01
1.9924E-01
1.9920E-01
1.9922E-01
1.9930E-01
1.9943E-01
1.9960E-01
1.9976E-01
1.9982E-01
1.9979E-01
1.9973E-01
1.9966E-01
1.9960E-01
1.9958E-01
1.9961E-01
1.9968E-01
1.9977E-01
1.9993E-01
2.0004E-01
2.0018E-01
2.0033E-01
2.0052E-01
2.0067E-01
2.0080E-01
2.0078E-01
2.0064E-01
2.0042E-01
2.0014E-01
1.9979E-01
1.9944E-01
1.9906E-01
1.9867E-01
1.9824E-01
1.9781E-01
1.9729E-01
1.9671E-01
1.9606E-01
1.9536E-01
1.9462E-01
1.9373E-01
1.9268E-01
1.9143E-01
1.9005E-01
1.8853E-01
1.8689E-01
1.8518E-01
1.8336E-01
1.8147E-01
1.7948E-01
1.7739E-01
1.7513E-01
1.7273E-01
1.7018E-01
1.6749E-01
1.6466E-01
1.6163E-01
1.5836E-01
1.5483E-01
1.5110E-01
1.4718E-01
1.4307E-01
1.3882E-01
1.3442E-01
1.2992E-01
1.2530E-01
1.2056E-01
1.1564E-01
1.1059E-01
1.0538E-01
1.0007E-01
9.467E-02
8.910E-02
8.338E-02
7.748E-02
7.151E-02
6.542E-02
5.927E-02
5.312E-02
4.697E-02
4.089E-02
3.483E-02
2.884E-02
2.285E-02
1.689E-02
1.098E-02
5.12E-03
-6.5E-04
-6.38E-03
-1.207E-02
-1.774E-02
-2.334E-02
-2.884E-02
-3.425E-02
-3.948E-02
-4.457E-02
-4.942E-02
-5.407E-02
-5.854E-02
-6.289E-02
-6.710E-02
-7.114E-02
-7.505E-02
-7.878E-02
-8.237E-02
-8.587E-02
-8.927E-02
-9.253E-02
-9.568E-02
-9.866E-02
-1.0145E-01
-1.0407E-01
-1.0642E-01
-1.0857E-01
-1.1052E-01
-1.1235E-01
-1.1408E-01
-1.1566E-01
-1.1713E-01
-1.1844E-01
-1.1967E-01
-1.2084E-01
-1.2193E-01
-1.2294E-01
-1.2388E-01
-1.2473E-01
-1.2544E-01
-1.2603E-01
-1.2644E-01
-1.2667E-01
-1.2680E-01
-1.2688E-01
-1.2693E-01
-1.2693E-01
-1.2691E-01
-1.2680E-01
-1.2671E-01
-1.2663E-01
-1.2655E-01
-1.2645E-01
-1.2639E-01
-1.2630E-01
-1.2615E-01
-1.2595E-01
-1.2563E-01
-1.2520E-01
-1.2473E-01
-1.2427E-01
-1.2386E-01
-1.2348E-01
-1.2313E-01
-1.2275E-01
-1.2244E-01
-1.2217E-01
-1.2196E-01
-1.2179E-01
-1.2166E-01
-1.2155E-01
-1.2141E-01
-1.2125E-01
-1.2100E-01
-1.2064E-01
-1.2024E-01
-1.1989E-01
-1.1962E-01
-1.1939E-01
-1.1920E-01
-1.1901E-01
-1.1888E-01
-1.1882E-01
-1.1879E-01
-1.1882E-01
-1.1891E-01
-1.1901E-01
-1.1912E-01
-1.1918E-01
-1.1915E-01
-1.1904E-01
-1.1891E-01
-1.1882E-01
-1.1882E-01
-1.1888E-01
-1.1899E-01
-1.1912E-01
-1.1931E-01
-1.1955E-01
-1.1986E-01
-1.2021E-01
-1.2062E-01
-1.2106E-01
-1.2151E-01
-1.2193E-01
-1.2230E-01
-1.2256E-01
-1.2283E-01
-1.2315E-01
-1.2351E-01
-1.2392E-01
-1.2438E-01
-1.2483E-01
-1.2530E-01
-1.2579E-01
-1.2631E-01
-1.2685E-01
-1.2740E-01
-1.2794E-01
-1.2846E-01
-1.2895E-01
-1.2938E-01
-1.2973E-01
-1.3004E-01
-1.3034E-01
-1.3067E-01
-1.3101E-01
-1.3134E-01
-1.3165E-01
-1.3197E-01
-1.3227E-01
-1.3257E-01
-1.3287E-01
-1.3319E-01
-1.3347E-01
-1.3376E-01
-1.3403E-01
-1.3426E-01
-1.3445E-01
-1.3464E-01
-1.3482E-01
-1.3501E-01
-1.3520E-01
-1.3540E-01
-1.3557E-01
-1.3576E-01
-1.3594E-01
-1.3611E-01
-1.3629E-01
-1.3646E-01
-1.3660E-01
-1.3674E-01
-1.3689E-01
-1.3700E-01
-1.3708E-01
-1.3716E-01
-1.3722E-01
-1.3727E-01
-1.3731E-01
-1.3736E-01
-1.3738E-01
-1.3739E-01
-1.3741E-01
-1.3742E-01
-1.3744E-01
-1.3749E-01
-1.3749E-01
-1.3752E-01
-1.3753E-01
-1.3757E-01
-1.3758E-01
-1.3761E-01
-1.3765E-01
-1.3768E-01
-1.3774E-01
-1.3779E-01
-1.3784E-01
-1.3791E-01
-1.3801E-01
-1.3815E-01
-1.3831E-01
-1.3851E-01
-1.3867E-01
-1.3886E-01
-1.3904E-01
-1.3921E-01
-1.3937E-01
-1.3951E-01
-1.3965E-01
-1.3980E-01
-1.3991E-01
-1.4002E-01
-1.4006E-01
-1.4016E-01
-1.4027E-01
-1.4043E-01
-1.4060E-01
-1.4079E-01
-1.4093E-01
-1.4108E-01
-1.4119E-01
-1.4127E-01
-1.4131E-01
-1.4133E-01
-1.4133E-01
-1.4133E-01
-1.4130E-01
-1.4122E-01
-1.4111E-01
-1.4103E-01
-1.4098E-01
-1.4101E-01
-1.4108E-01
-1.4115E-01
-1.4119E-01
-1.4120E-01
-1.4119E-01
-1.4114E-01
-1.4103E-01
-1.4090E-01
-1.4074E-01
-1.4057E-01
-1.4038E-01
-1.4013E-01
-1.3983E-01
-1.3957E-01
-1.3935E-01
-1.3923E-01
-1.3910E-01
-1.3902E-01
-1.3889E-01
-1.3875E-01
-1.3859E-01
-1.3840E-01
-1.3817E-01
-1.3791E-01
-1.3766E-01
-1.3741E-01
-1.3716E-01
-1.3687E-01
-1.3655E-01
-1.3632E-01
-1.3613E-01
-1.3605E-01
-1.3600E-01
-1.3602E-01
-1.3599E-01
-1.3599E-01
-1.3599E-01
-1.3597E-01
-1.3592E-01
-1.3586E-01
-1.3581E-01
-1.3578E-01
-1.3573E-01
-1.3570E-01
-1.3562E-01
-1.3561E-01
-1.3564E-01
-1.3576E-01
-1.3592E-01
-1.3614E-01
-1.3633E-01
-1.3655E-01
-1.3676E-01
-1.3698E-01
-1.3717E-01
-1.3738E-01
-1.3761E-01
-1.3790E-01
-1.3820E-01
-1.3856E-01
-1.3891E-01
-1.3938E-01
-1.3992E-01
-1.4062E-01
-1.4139E-01
-1.4229E-01
-1.4323E-01
-1.4425E-01
-1.4533E-01
-1.4650E-01
-1.4770E-01
-1.4900E-01
-1.5039E-01
-1.5187E-01
-1.5348E-01
-1.5519E-01
-1.5696E-01
-1.5891E-01
-1.6098E-01
-1.6324E-01
-1.6561E-01
-1.6815E-01
-1.7075E-01
-1.7348E-01
-1.7628E-01
-1.7919E-01
-1.8213E-01
-1.8518E-01
-1.8831E-01
-1.9157E-01
-1.9492E-01
-1.9836E-01
-2.0186E-01
-2.0549E-01
-2.0922E-01
-2.1310E-01
-2.1705E-01
-2.2113E-01
-2.2520E-01
-2.2935E-01
-2.3352E-01
-2.3771E-01
-2.4187E-01
-2.4604E-01
-2.5023E-01
-2.5442E-01
-2.5864E-01
-2.6284E-01
-2.6699E-01
-2.7116E-01
-2.7528E-01
-2.7944E-01
-2.8352E-01
-2.8761E-01
-2.9157E-01
-2.9544E-01
-2.9920E-01
-3.0282E-01
-3.0627E-01
-3.0960E-01
-3.1280E-01
-3.1589E-01
-3.1887E-01
-3.2173E-01
-3.2440E-01
-3.2699E-01
-3.2946E-01
-3.3183E-01
-3.3407E-01
-3.3624E-01
-3.3822E-01
-3.4008E-01
-3.4179E-01
-3.4334E-01
-3.4468E-01
-3.4591E-01
-3.4704E-01
-3.4806E-01
-3.4903E-01
-3.4991E-01
-3.5067E-01
-3.5140E-01
-3.5206E-01
-3.5270E-01
-3.5326E-01
-3.5385E-01
-3.5431E-01
-3.5472E-01
-3.5507E-01
-3.5532E-01
-3.5543E-01
-3.5551E-01
-3.5552E-01
-3.5554E-01
-3.5554E-01
-3.5554E-01
-3.5545E-01
-3.5538E-01
-3.5529E-01
-3.5521E-01
-3.5511E-01
-3.5505E-01
-3.5491E-01
-3.5475E-01
-3.5454E-01
-3.5426E-01
-3.5386E-01
-3.5345E-01
-3.5301E-01
-3.5262E-01
-3.5224E-01
-3.5187E-01
-3.5146E-01
-3.5113E-01
-3.5078E-01
-3.5050E-01
-3.5023E-01
-3.5004E-01
-3.4979E-01
-3.4960E-01
-3.4938E-01
-3.4911E-01
-3.4876E-01
-3.4844E-01
-3.4813E-01
-3.4789E-01
-3.4770E-01
-3.4756E-01
-3.4740E-01
-3.4732E-01
-3.4726E-01
-3.4724E-01
-3.4726E-01
-3.4734E-01
-3.4738E-01
-3.4745E-01
-3.4749E-01
-3.4748E-01
-3.4737E-01
-3.4726E-01
-3.4715E-01
-3.4708E-01
-3.4705E-01
-3.4705E-01
-3.4702E-01
-3.4705E-01
-3.4705E-01
-3.4710E-01
-3.4716E-01
-3.4727E-01
-3.4734E-01
-3.4745E-01
-3.4751E-01
-3.4753E-01
-3.4746E-01
-3.4742E-01
-3.4737E-01
-3.4737E-01
-3.4742E-01
-3.4749E-01
-3.4756E-01
-3.4768E-01
-3.4778E-01
-3.4794E-01
-3.4810E-01
-3.4833E-01
-3.4851E-01
-3.4873E-01
-3.4893E-01
-3.4912E-01
-3.4925E-01
-3.4939E-01
-3.4952E-01
-3.4969E-01
-3.4990E-01
-3.5010E-01
-3.5029E-01
-3.5051E-01
-3.5070E-01
-3.5092E-01
-3.5115E-01
-3.5141E-01
-3.5159E-01
-3.5183E-01
-3.5203E-01
-3.5224E-01
-3.5239E-01
-3.5258E-01
-3.5273E-01
-3.5288E-01
-3.5306E-01
-3.5326E-01
-3.5341E-01
-3.5360E-01
-3.5374E-01
-3.5391E-01
-3.5407E-01
-3.5428E-01
-3.5439E-01
-3.5456E-01
-3.5472E-01
-3.5489E-01
-3.5502E-01
-3.5519E-01
-3.5532E-01
-3.5545E-01
-3.5559E-01
-3.5575E-01
-3.5586E-01
-3.5601E-01
-3.5611E-01
-3.5622E-01
-3.5633E-01
-3.5647E-01
-3.5652E-01
-3.5662E-01
-3.5669E-01
-3.5679E-01
-3.5684E-01
-3.5692E-01
-3.5695E-01
-3.5698E-01
-3.5701E-01
-3.5706E-01
-3.5704E-01
-3.5707E-01
-3.5704E-01
-3.5704E-01
-3.5701E-01
-3.5704E-01
-3.5696E-01
-3.5695E-01
-3.5692E-01
-3.5692E-01
-3.5685E-01
-3.5685E-01
-3.5681E-01
-3.5676E-01
-3.5676E-01
-3.5676E-01
-3.5673E-01
-3.5676E-01
-3.5676E-01
-3.5677E-01
-3.5681E-01
-3.5690E-01
-3.5692E-01
-3.5698E-01
-3.5706E-01
-3.5715E-01
-3.5722E-01
-3.5733E-01
-3.5739E-01
-3.5747E-01
-3.5756E-01
-3.5767E-01
-3.5772E-01
-3.5782E-01
-3.5786E-01
-3.5791E-01
-3.5794E-01
-3.5801E-01
-3.5798E-01
-3.5798E-01
-3.5794E-01
-3.5790E-01
-3.5779E-01
-3.5771E-01
-3.5755E-01
-3.5739E-01
-3.5723E-01
-3.5707E-01
-3.5685E-01
-3.5665E-01
-3.5641E-01
-3.5619E-01
-3.5594E-01
-3.5575E-01
-3.5548E-01
-3.5526E-01
-3.5503E-01
-3.5483E-01
-3.5461E-01
-3.5442E-01
-3.5423E-01
-3.5405E-01
-3.5393E-01
-3.5383E-01
-3.5371E-01
-3.5366E-01
-3.5358E-01
-3.5355E-01
-3.5352E-01
-3.5356E-01
-3.5353E-01
-3.5356E-01
-3.5360E-01
-3.5366E-01
-3.5369E-01
-3.5375E-01
-3.5377E-01
-3.5382E-01
-3.5386E-01
-3.5393E-01
-3.5393E-01
-3.5398E-01
-3.5398E-01
-3.5398E-01
-3.5396E-01
-3.5399E-01
-3.5393E-01
-3.5390E-01
-3.5386E-01
-3.5383E-01
-3.5375E-01
-3.5372E-01
-3.5366E-01
-3.5360E-01
-3.5356E-01
-3.5353E-01
-3.5349E-01
-3.5349E-01
-3.5347E-01
-3.5347E-01
-3.5349E-01
-3.5358E-01
-3.5360E-01
-3.5368E-01
-3.5377E-01
-3.5391E-01
-3.5402E-01
-3.5420E-01
-3.5434E-01
-3.5451E-01
-3.5472E-01
-3.5496E-01
-3.5515E-01
-3.5540E-01
-3.5560E-01
-3.5584E-01
-3.5608E-01
-3.5636E-01
-3.5655E-01
-3.5681E-01
-3.5704E-01
-3.5728E-01
-3.5748E-01
-3.5771E-01
-3.5788E-01
-3.5807E-01
-3.5824E-01
-3.5843E-01
-3.5856E-01
-3.5872E-01
-3.5881E-01
-3.5892E-01
-3.5902E-01
-3.5914E-01
-3.5918E-01
-3.5926E-01
-3.5932E-01
-3.5938E-01
-3.5940E-01
-3.5945E-01
-3.5945E-01
-3.5945E-01
-3.5946E-01
-3.5948E-01
-3.5946E-01
-3.5946E-01
-3.5943E-01
-3.5940E-01
-3.5937E-01
-3.5938E-01
-3.5929E-01
-3.5926E-01
-3.5921E-01
-3.5918E-01
-3.5908E-01
-3.5903E-01
-3.5894E-01
-3.5884E-01
-3.5877E-01
-3.5869E-01
-3.5856E-01
-3.5848E-01
-3.5834E-01
-3.5823E-01
-3.5812E-01
-3.5804E-01
-3.5788E-01
-3.5779E-01
-3.5767E-01
-3.5758E-01
-3.5745E-01
-3.5737E-01
-3.5726E-01
-3.5717E-01
-3.5711E-01
-3.5706E-01
-3.5698E-01
-3.5696E-01
-3.5692E-01
-3.5690E-01
-3.5688E-01
-3.5693E-01
-3.5690E-01
-3.5693E-01
-3.5696E-01
-3.5703E-01
-3.5706E-01
-3.5712E-01
-3.5715E-01
-3.5718E-01
-3.5725E-01
-3.5731E-01
-3.5734E-01
-3.5739E-01
-3.5741E-01
-3.5742E-01
-3.5742E-01
-3.5747E-01
-3.5742E-01
-3.5742E-01
-3.5737E-01
-3.5736E-01
-3.5728E-01
-3.5723E-01
-3.5714E-01
-3.5704E-01
-3.5696E-01
-3.5690E-01
-3.5679E-01
-3.5673E-01
-3.5662E-01
-3.5654E-01
-3.5646E-01
-3.5644E-01
-3.5636E-01
-3.5633E-01
-3.5632E-01
-3.5632E-01
-3.5630E-01
-3.5633E-01
-3.5635E-01
-3.5638E-01
-3.5644E-01
-3.5652E-01
-3.5658E-01
-3.5669E-01
-3.5676E-01
-3.5687E-01
-3.5695E-01
-3.5709E-01
-3.5715E-01
-3.5726E-01
-3.5734E-01
-3.5744E-01
-3.5748E-01
-3.5756E-01
-3.5758E-01
-3.5760E-01
-3.5763E-01
-3.5766E-01
-3.5763E-01
-3.5763E-01
-3.5758E-01
-3.5755E-01
-3.5750E-01
-3.5750E-01
-3.5741E-01
-3.5737E-01
-3.5733E-01
-3.5731E-01
-3.5726E-01
-3.5726E-01
-3.5723E-01
-3.5723E-01
-3.5726E-01
-3.5733E-01
-3.5736E-01
-3.5745E-01
-3.5753E-01
-3.5764E-01
-3.5777E-01
-3.5796E-01
-3.5807E-01
-3.5826E-01
-3.5847E-01
-3.5869E-01
-3.5888E-01
-3.5911E-01
-3.5932E-01
-3.5952E-01
-3.5976E-01
-3.6000E-01
-3.6019E-01
-3.6041E-01
-3.6058E-01
-3.6077E-01
-3.6093E-01
-3.6114E-01
-3.6123E-01
-3.6137E-01
-3.6147E-01
-3.6158E-01
-3.6163E-01
-3.6171E-01
-3.6172E-01
-3.6172E-01
-3.6174E-01
-3.6174E-01
-3.6169E-01
-3.6167E-01
-3.6160E-01
-3.6153E-01
-3.6145E-01
-3.6142E-01
-3.6129E-01
-3.6122E-01
-3.6112E-01
-3.6104E-01
-3.6093E-01
-3.6085E-01
-3.6074E-01
-3.6065E-01
-3.6057E-01
-3.6050E-01
-3.6041E-01
-3.6038E-01
-3.6030E-01
-3.6025E-01
-3.6020E-01
-3.6022E-01
-3.6016E-01
-3.6017E-01
-3.6017E-01
-3.6020E-01
-3.6020E-01
-3.6025E-01
-3.6027E-01
-3.6030E-01
-3.6036E-01
-3.6044E-01
-3.6049E-01
-3.6058E-01
-3.6065E-01
-3.6073E-01
-3.6080E-01
-3.6093E-01
-3.6098E-01
-3.6107E-01
-3.6117E-01
-3.6128E-01
-3.6134E-01
-3.6144E-01
-3.6148E-01
-3.6155E-01
-3.6163E-01
-3.6171E-01
-3.6174E-01
-3.6182E-01
-3.6183E-01
-3.6188E-01
-3.6190E-01
-3.6196E-01
-3.6193E-01
-3.6194E-01
-3.6193E-01
-3.6193E-01
-3.6188E-01
-3.6185E-01
-3.6178E-01
-3.6171E-01
-3.6164E-01
-3.6158E-01
-3.6145E-01
-3.6137E-01
-3.6123E-01
-3.6110E-01
-3.6096E-01
-3.6085E-01
-3.6066E-01
-3.6052E-01
-3.6036E-01
-3.6022E-01
-3.6003E-01
-3.5987E-01
-3.5968E-01
-3.5952E-01
-3.5938E-01
-3.5926E-01
-3.5910E-01
-3.5900E-01
-3.5888E-01
-3.5880E-01
-3.5872E-01
-3.5872E-01
-3.5865E-01
-3.5865E-01
-3.5867E-01
-3.5873E-01
-3.5878E-01
-3.5888E-01
-3.5897E-01
-3.5908E-01
-3.5924E-01
-3.5943E-01
-3.5957E-01
-3.5979E-01
-3.5997E-01
-3.6017E-01
-3.6036E-01
-3.6061E-01
-3.6079E-01
-3.6099E-01
-3.6120E-01
-3.6141E-01
-3.6155E-01
-3.6174E-01
-3.6186E-01
-3.6197E-01
-3.6210E-01
-3.6221E-01
-3.6227E-01
-3.6235E-01
-3.6237E-01
-3.6240E-01
-3.6240E-01
-3.6243E-01
-3.6237E-01
-3.6237E-01
-3.6232E-01
-3.6231E-01
-3.6224E-01
-3.6221E-01
-3.6215E-01
-3.6209E-01
-3.6204E-01
-3.6201E-01
-3.6194E-01
-3.6193E-01
-3.6186E-01
-3.6183E-01
-3.6178E-01
-3.6182E-01
-3.6175E-01
-3.6174E-01
-3.6172E-01
-3.6174E-01
-3.6171E-01
-3.6171E-01
-3.6167E-01
-3.6166E-01
-3.6166E-01
-3.6166E-01
-3.6161E-01
-3.6163E-01
-3.6158E-01
-3.6155E-01
-3.6152E-01
-3.6153E-01
-3.6145E-01
-3.6144E-01
-3.6142E-01
-3.6142E-01
-3.6137E-01
-3.6137E-01
-3.6134E-01
-3.6133E-01
-3.6134E-01
-3.6139E-01
-3.6139E-01
-3.6144E-01
-3.6145E-01
-3.6150E-01
-3.6155E-01
-3.6166E-01
-3.6169E-01
-3.6178E-01
-3.6188E-01
-3.6199E-01
-3.6207E-01
-3.6218E-01
-3.6226E-01
-3.6235E-01
-3.6246E-01
-3.6258E-01
-3.6264E-01
-3.6273E-01
-3.6278E-01
-3.6284E-01
-3.6288E-01
-3.6295E-01
-3.6294E-01
-3.6295E-01
-3.6295E-01
-3.6295E-01
-3.6291E-01
-3.6289E-01
-3.6281E-01
-3.6273E-01
-3.6267E-01
-3.6259E-01
-3.6248E-01
-3.6240E-01
-3.6226E-01
-3.6215E-01
-3.6202E-01
-3.6196E-01
-3.6180E-01
-3.6169E-01
-3.6158E-01
-3.6148E-01
-3.6136E-01
-3.6129E-01
-3.6118E-01
-3.6109E-01
-3.6103E-01
-3.6099E-01
-3.6092E-01
-3.6090E-01
-3.6085E-01
-3.6084E-01
-3.6084E-01
-3.6088E-01
-3.6085E-01
-3.6090E-01
-3.6093E-01
-3.6101E-01
-3.6104E-01
-3.6112E-01
-3.6117E-01
-3.6123E-01
-3.6133E-01
-3.6144E-01
-3.6150E-01
-3.6163E-01
-3.6169E-01
-3.6178E-01
-3.6188E-01
-3.6201E-01
-3.6205E-01
-3.6216E-01
-3.6224E-01
-3.6235E-01
-3.6242E-01
-3.6251E-01
-3.6256E-01
-3.6261E-01
-3.6267E-01
-3.6275E-01
-3.6278E-01
-3.6284E-01
-3.6284E-01
-3.6288E-01
-3.6289E-01
-3.6295E-01
-3.6294E-01
-3.6295E-01
-3.6295E-01
-3.6299E-01
-3.6295E-01
-3.6297E-01
-3.6294E-01
-3.6291E-01
-3.6289E-01
-3.6289E-01
-3.6284E-01
-3.6283E-01
-3.6276E-01
-3.6273E-01
-3.6267E-01
-3.6267E-01
-3.6258E-01
-3.6253E-01
-3.6248E-01
-3.6243E-01
-3.6235E-01
-3.6231E-01
-3.6221E-01
-3.6213E-01
-3.6207E-01
-3.6202E-01
-3.6193E-01
-3.6188E-01
-3.6178E-01
-3.6171E-01
-3.6163E-01
-3.6161E-01
-3.6150E-01
-3.6145E-01
-3.6141E-01
-3.6137E-01
-3.6131E-01
-3.6129E-01
-3.6123E-01
-3.6120E-01
-3.6118E-01
-3.6120E-01
-3.6117E-01
-3.6120E-01
-3.6118E-01
-3.6120E-01
-3.6122E-01
-3.6128E-01
-3.6126E-01
-3.6133E-01
-3.6136E-01
-3.6144E-01
-3.6147E-01
-3.6153E-01
-3.6158E-01
-3.6163E-01
-3.6169E-01
-3.6177E-01
-3.6182E-01
-3.6190E-01
-3.6193E-01
-3.6199E-01
-3.6204E-01
-3.6213E-01
-3.6213E-01
-3.6218E-01
-3.6223E-01
-3.6229E-01
-3.6229E-01
-3.6234E-01
-3.6234E-01
-3.6234E-01
-3.6237E-01
-3.6239E-01
-3.6237E-01
-3.6239E-01
-3.6234E-01
-3.6232E-01
-3.6227E-01
-3.6229E-01
-3.6220E-01
-3.6216E-01
-3.6213E-01
-3.6210E-01
-3.6204E-01
-3.6202E-01
-3.6196E-01
-3.6191E-01
-3.6190E-01
-3.6191E-01
-3.6190E-01
-3.6193E-01
-3.6188E-01
-3.6186E-01
-3.6182E-01
-3.6183E-01
-3.6178E-01
-3.6182E-01
-3.6183E-01
-3.6191E-01
-3.6196E-01
-3.6205E-01
-3.6213E-01
-3.6224E-01
-3.6240E-01
-3.6262E-01
-3.6283E-01
-3.6305E-01
-3.6316E-01
-3.6322E-01
-3.6324E-01
-3.6329E-01
-3.6325E-01
-3.6330E-01
-3.6335E-01
-3.6343E-01
-3.6349E-01
-3.6360E-01
-3.6368E-01
-3.6378E-01
-3.6393E-01
-3.6416E-01
-3.6438E-01
-3.6457E-01
-3.6457E-01
-3.6444E-01
-3.6422E-01
-3.6400E-01
-3.6371E-01
-3.6352E-01
-3.6335E-01
-3.6324E-01
-3.6313E-01
-3.6311E-01
-3.6305E-01
-3.6305E-01
-3.6313E-01
-3.6335E-01
-3.6359E-01
-3.6379E-01
-3.6376E-01
-3.6354E-01
-3.6322E-01
-3.6291E-01
-3.6256E-01
-3.6232E-01
-3.6213E-01
-3.6204E-01
-3.6197E-01
-3.6202E-01
-3.6205E-01
-3.6213E-01
-3.6232E-01
-3.6264E-01
-3.6300E-01
-3.6330E-01
-3.6335E-01
-3.6316E-01
-3.6286E-01
-3.6253E-01
-3.6218E-01
-3.6193E-01
-3.6174E-01
-3.6163E-01
-3.6156E-01
-3.6164E-01
-3.6166E-01
-3.6174E-01
-3.6191E-01
-3.6220E-01
-3.6254E-01
-3.6281E-01
-3.6284E-01
-3.6265E-01
-3.6235E-01
-3.6204E-01
-3.6169E-01
-3.6144E-01
-3.6126E-01
-3.6117E-01
-3.6114E-01
-3.6123E-01
-3.6126E-01
-3.6136E-01
-3.6148E-01
-3.6169E-01
-3.6193E-01
-3.6207E-01
-3.6199E-01
-3.6164E-01
-3.6120E-01
-3.6065E-01
-3.6001E-01
-3.5940E-01
-3.5877E-01
-3.5813E-01
-3.5747E-01
-3.5681E-01
-3.5597E-01
-3.5502E-01
-3.5396E-01
-3.5281E-01
-3.5153E-01
-3.4996E-01
-3.4805E-01
-3.4571E-01
-3.4310E-01
-3.4018E-01
-3.3698E-01
-3.3360E-01
-3.3000E-01
-3.2619E-01
-3.2217E-01
-3.1795E-01
-3.1333E-01
-3.0843E-01
-3.0323E-01
-2.9773E-01
-2.9195E-01
-2.8573E-01
-2.7905E-01
-2.7185E-01
-2.6428E-01
-2.5630E-01
-2.4800E-01
-2.3945E-01
-2.3064E-01
-2.2165E-01
-2.1246E-01
-2.0309E-01
-1.9338E-01
-1.8344E-01
-1.7324E-01
-1.6284E-01
-1.5227E-01
-1.4142E-01
-1.3025E-01
-1.1872E-01
-1.0703E-01
-9.509E-02
-8.303E-02
-7.094E-02
-5.880E-02
-4.672E-02
-3.469E-02
-2.272E-02
-1.065E-02
1.43E-03
1.352E-02
2.560E-02
3.760E-02
4.963E-02
6.171E-02
7.385E-02
8.594E-02
9.800E-02
1.0994E-01
1.2163E-01
1.3314E-01
1.4429E-01
1.5512E-01
1.6564E-01
1.7601E-01
1.8616E-01
1.9607E-01
2.0573E-01
2.1506E-01
2.2418E-01
2.3311E-01
2.4185E-01
2.5031E-01
2.5851E-01
2.6637E-01
2.7380E-01
2.8084E-01
2.8729E-01
2.9321E-01
2.9870E-01
3.0385E-01
3.0869E-01
3.1318E-01
3.1732E-01
3.2102E-01
3.2448E-01
3.2769E-01
3.3065E-01
3.3333E-01
3.3577E-01
3.3787E-01
3.3961E-01
3.4098E-01
3.4185E-01
3.4228E-01
3.4238E-01
3.4226E-01
3.4201E-01
3.4158E-01
3.4100E-01
3.4018E-01
3.3931E-01
3.3838E-01
3.3741E-01
3.3638E-01
3.3534E-01
3.3420E-01
3.3292E-01
3.3150E-01
3.2981E-01
3.2788E-01
3.2584E-01
3.2383E-01
3.2194E-01
3.2009E-01
3.1833E-01
3.1653E-01
3.1492E-01
3.1340E-01
3.1202E-01
3.1079E-01
3.0970E-01
3.0867E-01
3.0768E-01
3.0667E-01
3.0551E-01
3.0420E-01
3.0290E-01
3.0175E-01
3.0082E-01
3.0004E-01
2.9943E-01
2.9886E-01
2.9849E-01
2.9827E-01
2.9824E-01
2.9835E-01
2.9864E-01
2.9898E-01
2.9936E-01
2.9973E-01
2.9992E-01
2.9992E-01
2.9992E-01
3.0001E-01
3.0028E-01
3.0067E-01
3.0116E-01
3.0165E-01
3.0229E-01
3.0295E-01
3.0373E-01
3.0456E-01
3.0550E-01
3.0641E-01
3.0731E-01
3.0812E-01
3.0874E-01
3.0913E-01
3.0948E-01
3.0984E-01
3.1032E-01
3.1087E-01
3.1146E-01
3.1201E-01
3.1264E-01
3.1326E-01
3.1395E-01
3.1468E-01
3.1549E-01
3.1625E-01
3.1702E-01
3.1773E-01
3.1835E-01
3.1882E-01
3.1928E-01
3.1977E-01
3.2036E-01
3.2102E-01
3.2173E-01
3.2244E-01
3.2325E-01
3.2404E-01
3.2491E-01
3.2579E-01
3.2677E-01
3.2772E-01
3.2870E-01
3.2968E-01
3.3063E-01
3.3148E-01
3.3237E-01
3.3322E-01
3.3414E-01
3.3509E-01
3.3604E-01
3.3695E-01
3.3790E-01
3.3877E-01
3.3966E-01
3.4049E-01
3.4136E-01
3.4212E-01
3.4288E-01
3.4361E-01
3.4429E-01
3.4489E-01
3.4549E-01
3.4600E-01
3.4645E-01
3.4691E-01
3.4734E-01
3.4769E-01
3.4800E-01
3.4822E-01
3.4840E-01
3.4849E-01
3.4860E-01
3.4860E-01
3.4862E-01
3.4860E-01
3.4860E-01
3.4854E-01
3.4849E-01
3.4840E-01
3.4830E-01
3.4821E-01
3.4818E-01
3.4810E-01
3.4802E-01
3.4783E-01
3.4761E-01
3.4732E-01
3.4709E-01
3.4677E-01
3.4653E-01
3.4630E-01
3.4611E-01
3.4590E-01
3.4577E-01
3.4560E-01
3.4547E-01
3.4539E-01
3.4541E-01
3.4544E-01
3.4544E-01
3.4530E-01
3.4505E-01
3.4471E-01
3.4440E-01
3.4405E-01
3.4375E-01
3.4350E-01
3.4326E-01
3.4302E-01
3.4287E-01
3.4268E-01
3.4253E-01
3.4245E-01
3.4250E-01
3.4257E-01
3.4258E-01
3.4241E-01
3.4206E-01
3.4162E-01
3.4119E-01
3.4072E-01
3.4035E-01
3.4000E-01
3.3974E-01
3.3947E-01
3.3931E-01
3.3912E-01
3.3901E-01
3.3896E-01
3.3907E-01
3.3921E-01
3.3931E-01
3.3920E-01
3.3888E-01
3.3849E-01
3.3809E-01
3.3766E-01
3.3732E-01
3.3703E-01
3.3681E-01
3.3662E-01
3.3654E-01
3.3642E-01
3.3634E-01
3.3634E-01
3.3645E-01
3.3657E-01
3.3664E-01
3.3649E-01
3.3613E-01
3.3569E-01
3.3518E-01
3.3466E-01
3.3420E-01
3.3379E-01
3.3343E-01
3.3310E-01
3.3286E-01
3.3254E-01
3.3229E-01
3.3205E-01
3.3189E-01
3.3175E-01
3.3153E-01
3.3110E-01
3.3046E-01
3.2971E-01
3.2891E-01
3.2804E-01
3.2720E-01
3.2636E-01
3.2554E-01
3.2473E-01
3.2396E-01
3.2304E-01
3.2208E-01
3.2105E-01
3.1998E-01
3.1881E-01
3.1745E-01
3.1579E-01
3.1378E-01
3.1157E-01
3.0910E-01
3.0641E-01
3.0360E-01
3.0060E-01
2.9745E-01
2.9411E-01
2.9064E-01
2.8680E-01
2.8272E-01
2.7834E-01
2.7371E-01
2.6881E-01
2.6351E-01
2.5779E-01
2.5156E-01
2.4498E-01
2.3803E-01
2.3072E-01
2.2320E-01
2.1542E-01
2.0744E-01
1.9927E-01
1.9092E-01
1.8223E-01
1.7329E-01
1.6414E-01
1.5478E-01
1.4525E-01
1.3548E-01
1.2540E-01
1.1504E-01
1.0451E-01
9.380E-02
8.300E-02
7.219E-02
6.138E-02
5.066E-02
4.002E-02
2.949E-02
1.892E-02
8.37E-03
-2.11E-03
-1.251E-02
-2.279E-02
-3.303E-02
-4.327E-02
-5.352E-02
-6.365E-02
-7.369E-02
-8.357E-02
-9.319E-02
-1.0260E-01
-1.1164E-01
-1.2037E-01
-1.2879E-01
-1.3704E-01
-1.4509E-01
-1.5290E-01
-1.6049E-01
-1.6778E-01
-1.7489E-01
-1.8186E-01
-1.8866E-01
-1.9523E-01
-2.0162E-01
-2.0774E-01
-2.1351E-01
-2.1898E-01
-2.2397E-01
-2.2859E-01
-2.3284E-01
-2.3687E-01
-2.4070E-01
-2.4427E-01
-2.4762E-01
-2.5067E-01
-2.5356E-01
-2.5631E-01
-2.5891E-01
-2.6136E-01
-2.6365E-01
-2.6574E-01
-2.6755E-01
-2.6913E-01
-2.7035E-01
-2.7124E-01
-2.7189E-01
-2.7242E-01
-2.7290E-01
-2.7326E-01
-2.7356E-01
-2.7367E-01
-2.7378E-01
-2.7388E-01
-2.7397E-01
-2.7404E-01
-2.7408E-01
-2.7407E-01
-2.7394E-01
-2.7369E-01
-2.7318E-01
-2.7245E-01
-2.7163E-01
-2.7081E-01
-2.7004E-01
-2.6929E-01
-2.6858E-01
-2.6781E-01
-2.6713E-01
-2.6650E-01
-2.6594E-01
-2.6544E-01
-2.6501E-01
-2.6458E-01
-2.6412E-01
-2.6360E-01
-2.6286E-01
-2.6196E-01
-2.6099E-01
-2.6011E-01
-2.5935E-01
-2.5867E-01
-2.5809E-01
-2.5748E-01
-2.5703E-01
-2.5665E-01
-2.5639E-01
-2.5624E-01
-2.5620E-01
-2.5620E-01
-2.5620E-01
-2.5617E-01
-2.5597E-01
-2.5560E-01
-2.5522E-01
-2.5494E-01
-2.5481E-01
-2.5480E-01
-2.5488E-01
-2.5496E-01
-2.5519E-01
-2.5549E-01
-2.5590E-01
-2.5641E-01
-2.5703E-01
-2.5766E-01
-2.5831E-01
-2.5891E-01
-2.5937E-01
-2.5967E-01
-2.5995E-01
-2.6030E-01
-2.6076E-01
-2.6131E-01
-2.6191E-01
-2.6251E-01
-2.6319E-01
-2.6389E-01
-2.6466E-01
-2.6547E-01
-2.6635E-01
-2.6721E-01
-2.6808E-01
-2.6888E-01
-2.6959E-01
-2.7016E-01
-2.7072E-01
-2.7127E-01
-2.7189E-01
-2.7255E-01
-2.7323E-01
-2.7389E-01
-2.7457E-01
-2.7524E-01
-2.7593E-01
-2.7661E-01
-2.7732E-01
-2.7799E-01
-2.7864E-01
-2.7925E-01
-2.7981E-01
-2.8025E-01
-2.8067E-01
-2.8107E-01
-2.8148E-01
-2.8189E-01
-2.8230E-01
-2.8265E-01
-2.8301E-01
-2.8331E-01
-2.8361E-01
-2.8388E-01
-2.8417E-01
-2.8437E-01
-2.8458E-01
-2.8477E-01
-2.8493E-01
-2.8504E-01
-2.8515E-01
-2.8521E-01
-2.8529E-01
-2.8537E-01
-2.8546E-01
-2.8551E-01
-2.8559E-01
-2.8564E-01
-2.8570E-01
-2.8576E-01
-2.8586E-01
-2.8591E-01
-2.8600E-01
-2.8608E-01
-2.8618E-01
-2.8625E-01
-2.8638E-01
-2.8646E-01
-2.8656E-01
-2.8668E-01
-2.8679E-01
-2.8689E-01
-2.8701E-01
-2.8711E-01
-2.8722E-01
-2.8733E-01
-2.8747E-01
-2.8754E-01
-2.8765E-01
-2.8772E-01
-2.8782E-01
-2.8787E-01
-2.8793E-01
-2.8796E-01
-2.8799E-01
-2.8803E-01
-2.8806E-01
-2.8806E-01
-2.8810E-01
-2.8814E-01
-2.8820E-01
-2.8829E-01
-2.8844E-01
-2.8852E-01
-2.8864E-01
-2.8877E-01
-2.8889E-01
-2.8901E-01
-2.8915E-01
-2.8927E-01
-2.8942E-01
-2.8957E-01
-2.8975E-01
-2.8987E-01
-2.9006E-01
-2.9024E-01
-2.9044E-01
-2.9067E-01
-2.9092E-01
-2.9109E-01
-2.9128E-01
-2.9142E-01
-2.9155E-01
-2.9158E-01
-2.9161E-01
-2.9158E-01
-2.9153E-01
-2.9146E-01
-2.9133E-01
-2.9112E-01
-2.9092E-01
-2.9068E-01
-2.9046E-01
-2.9019E-01
-2.8995E-01
-2.8961E-01
-2.8926E-01
-2.8886E-01
-2.8844E-01
-2.8793E-01
-2.8744E-01
-2.8689E-01
-2.8633E-01
-2.8578E-01
-2.8521E-01
-2.8460E-01
-2.8401E-01
-2.8343E-01
-2.8289E-01
-2.8233E-01
-2.8184E-01
-2.8129E-01
-2.8079E-01
-2.8025E-01
-2.7974E-01
-2.7919E-01
-2.7867E-01
-2.7813E-01
-2.7761E-01
-2.7712E-01
-2.7664E-01
-2.7615E-01
-2.7571E-01
-2.7528E-01
-2.7490E-01
-2.7456E-01
-2.7429E-01
-2.7396E-01
-2.7370E-01
-2.7347E-01
-2.7326E-01
-2.7304E-01
-2.7287E-01
-2.7272E-01
-2.7260E-01
-2.7253E-01
-2.7252E-01
-2.7250E-01
-2.7257E-01
-2.7266E-01
-2.7283E-01
-2.7306E-01
-2.7337E-01
-2.7367E-01
-2.7405E-01
-2.7448E-01
-2.7495E-01
-2.7544E-01
-2.7601E-01
-2.7661E-01
-2.7726E-01
-2.7799E-01
-2.7878E-01
-2.7958E-01
-2.8050E-01
-2.8145E-01
-2.8249E-01
-2.8360E-01
-2.8482E-01
-2.8602E-01
-2.8733E-01
-2.8867E-01
-2.9010E-01
-2.9152E-01
-2.9302E-01
-2.9455E-01
-2.9613E-01
-2.9779E-01
-2.9949E-01
-3.0119E-01
-3.0298E-01
-3.0477E-01
-3.0662E-01
-3.0848E-01
-3.1043E-01
-3.1229E-01
-3.1422E-01
-3.1612E-01
-3.1803E-01
-3.1988E-01
-3.2174E-01
-3.2355E-01
-3.2535E-01
-3.2713E-01
-3.2889E-01
-3.3056E-01
-3.3224E-01
-3.3385E-01
-3.3545E-01
-3.3698E-01
-3.3852E-01
-3.3994E-01
-3.4133E-01
-3.4266E-01
-3.4394E-01
-3.4512E-01
-3.4626E-01
-3.4734E-01
-3.4835E-01
-3.4933E-01
-3.5026E-01
-3.5111E-01
-3.5194E-01
-3.5270E-01
-3.5344E-01
-3.5410E-01
-3.5480E-01
-3.5535E-01
-3.5590E-01
-3.5639E-01
-3.5685E-01
-3.5720E-01
-3.5755E-01
-3.5782E-01
-3.5805E-01
-3.5828E-01
-3.5847E-01
-3.5858E-01
-3.5870E-01
-3.5877E-01
-3.5881E-01
-3.5884E-01
-3.5889E-01
-3.5883E-01
-3.5880E-01
-3.5872E-01
-3.5862E-01
-3.5845E-01
-3.5829E-01
-3.5810E-01
-3.5790E-01
-3.5771E-01
-3.5753E-01
-3.5730E-01
-3.5712E-01
-3.5690E-01
-3.5671E-01
-3.5654E-01
-3.5639E-01
-3.5620E-01
-3.5603E-01
-3.5587E-01
-3.5570E-01
-3.5548E-01
-3.5529E-01
-3.5507E-01
-3.5488E-01
-3.5473E-01
-3.5461E-01
-3.5445E-01
-3.5434E-01
-3.5423E-01
-3.5415E-01
-3.5407E-01
-3.5407E-01
-3.5399E-01
-3.5398E-01
-3.5394E-01
-3.5390E-01
-3.5380E-01
-3.5374E-01
-3.5364E-01
-3.5360E-01
-3.5356E-01
-3.5356E-01
-3.5352E-01
-3.5352E-01
-3.5350E-01
-3.5352E-01
-3.5352E-01
-3.5358E-01
-3.5356E-01
-3.5360E-01
-3.5360E-01
-3.5360E-01
-3.5350E-01
-3.5344E-01
-3.5334E-01
-3.5328E-01
-3.5322E-01
-3.5319E-01
-3.5311E-01
-3.5307E-01
-3.5300E-01
-3.5296E-01
-3.5292E-01
-3.5292E-01
-3.5285E-01
-3.5284E-01
-3.5279E-01
-3.5276E-01
-3.5265E-01
-3.5258E-01
-3.5249E-01
-3.5243E-01
-3.5241E-01
-3.5239E-01
-3.5236E-01
-3.5236E-01
-3.5235E-01
-3.5236E-01
-3.5236E-01
-3.5244E-01
-3.5243E-01
-3.5247E-01
-3.5251E-01
-3.5255E-01
-3.5255E-01
-3.5258E-01
-3.5258E-01
-3.5260E-01
-3.5263E-01
-3.5268E-01
-3.5270E-01
-3.5274E-01
-3.5276E-01
-3.5281E-01
-3.5282E-01
-3.5292E-01
-3.5292E-01
-3.5296E-01
-3.5301E-01
-3.5307E-01
-3.5309E-01
-3.5315E-01
-3.5319E-01
-3.5323E-01
-3.5330E-01
-3.5339E-01
-3.5344E-01
-3.5353E-01
-3.5360E-01
-3.5369E-01
-3.5377E-01
-3.5393E-01
-3.5399E-01
-3.5412E-01
-3.5424E-01
-3.5440E-01
-3.5451E-01
-3.5467E-01
-3.5480E-01
-3.5494E-01
-3.5510E-01
-3.5526E-01
-3.5538E-01
-3.5556E-01
-3.5568E-01
-3.5584E-01
-3.5598E-01
-3.5617E-01
-3.5628E-01
-3.5644E-01
-3.5658E-01
-3.5674E-01
-3.5685E-01
-3.5699E-01
-3.5709E-01
-3.5718E-01
-3.5731E-01
-3.5742E-01
-3.5748E-01
-3.5760E-01
-3.5764E-01
-3.5772E-01
-3.5777E-01
-3.5788E-01
-3.5790E-01
-3.5794E-01
-3.5799E-01
-3.5804E-01
-3.5805E-01
-3.5810E-01
-3.5809E-01
-3.5810E-01
-3.5812E-01
-3.5815E-01
-3.5812E-01
-3.5815E-01
-3.5812E-01
-3.5812E-01
-3.5810E-01
-3.5815E-01
-3.5809E-01
-3.5809E-01
-3.5807E-01
-3.5807E-01
-3.5802E-01
-3.5802E-01
-3.5796E-01
-3.5791E-01
-3.5786E-01
-3.5783E-01
-3.5775E-01
-3.5769E-01
-3.5760E-01
-3.5750E-01
-3.5739E-01
-3.5733E-01
-3.5717E-01
-3.5706E-01
-3.5693E-01
-3.5682E-01
-3.5666E-01
-3.5654E-01
-3.5636E-01
-3.5620E-01
-3.5608E-01
-3.5595E-01
-3.5579E-01
-3.5570E-01
-3.5556E-01
-3.5545E-01
-3.5535E-01
-3.5532E-01
-3.5522E-01
-3.5519E-01
-3.5516E-01
-3.5519E-01
-3.5519E-01
-3.5524E-01
-3.5529E-01
-3.5537E-01
-3.5548E-01
-3.5564E-01
-3.5575E-01
-3.5594E-01
-3.5609E-01
-3.5628E-01
-3.5647E-01
-3.5673E-01
-3.5692E-01
-3.5714E-01
-3.5737E-01
-3.5761E-01
-3.5782E-01
-3.5805E-01
-3.5824E-01
-3.5845E-01
-3.5867E-01
-3.5888E-01
-3.5905E-01
-3.5926E-01
-3.5941E-01
-3.5957E-01
-3.5973E-01
-3.5992E-01
-3.6003E-01
-3.6019E-01
-3.6033E-01
-3.6049E-01
-3.6060E-01
-3.6076E-01
-3.6087E-01
-3.6099E-01
-3.6115E-01
-3.6131E-01
-3.6144E-01
-3.6161E-01
-3.6174E-01
-3.6190E-01
-3.6205E-01
-3.6226E-01
-3.6239E-01
-3.6256E-01
-3.6272E-01
-3.6289E-01
-3.6303E-01
-3.6319E-01
-3.6332E-01
-3.6344E-01
-3.6357E-01
-3.6371E-01
-3.6379E-01
-3.6390E-01
-3.6395E-01
-3.6401E-01
-3.6405E-01
-3.6412E-01
-3.6409E-01
-3.6411E-01
-3.6409E-01
-3.6408E-01
-3.6401E-01
-3.6397E-01
-3.6387E-01
-3.6378E-01
-3.6368E-01
-3.6359E-01
-3.6343E-01
-3.6332E-01
-3.6314E-01
-3.6297E-01
-3.6280E-01
-3.6265E-01
-3.6240E-01
-3.6221E-01
-3.6201E-01
-3.6180E-01
-3.6155E-01
-3.6133E-01
-3.6106E-01
-3.6079E-01
-3.6054E-01
-3.6028E-01
-3.5998E-01
-3.5973E-01
-3.5943E-01
-3.5914E-01
-3.5884E-01
-3.5861E-01
-3.5828E-01
-3.5801E-01
-3.5772E-01
-3.5748E-01
-3.5718E-01
-3.5696E-01
-3.5669E-01
-3.5644E-01
-3.5624E-01
-3.5606E-01
-3.5586E-01
-3.5570E-01
-3.5554E-01
-3.5541E-01
-3.5529E-01
-3.5526E-01
-3.5515E-01
-3.5510E-01
-3.5507E-01
-3.5508E-01
-3.5507E-01
-3.5510E-01
-3.5511E-01
-3.5516E-01
-3.5522E-01
-3.5532E-01
-3.5537E-01
-3.5548E-01
-3.5556E-01
-3.5565E-01
-3.5575E-01
-3.5589E-01
-3.5595E-01
-3.5606E-01
-3.5617E-01
-3.5628E-01
-3.5636E-01
-3.5647E-01
-3.5652E-01
-3.5660E-01
-3.5669E-01
-3.5679E-01
-3.5684E-01
-3.5693E-01
-3.5698E-01
-3.5706E-01
-3.5712E-01
-3.5723E-01
-3.5726E-01
-3.5736E-01
-3.5745E-01
-3.5756E-01
-3.5763E-01
-3.5775E-01
-3.5783E-01
-3.5793E-01
-3.5805E-01
-3.5820E-01
-3.5829E-01
-3.5843E-01
-3.5854E-01
-3.5869E-01
-3.5881E-01
-3.5899E-01
-3.5908E-01
-3.5922E-01
-3.5935E-01
-3.5949E-01
-3.5959E-01
-3.5971E-01
-3.5979E-01
-3.5986E-01
-3.5995E-01
-3.6003E-01
-3.6005E-01
-3.6011E-01
-3.6011E-01
-3.6011E-01
-3.6009E-01
-3.6011E-01
-3.6003E-01
-3.6000E-01
-3.5994E-01
-3.5990E-01
-3.5981E-01
-3.5975E-01
-3.5965E-01
-3.5954E-01
-3.5946E-01
-3.5940E-01
-3.5929E-01
-3.5922E-01
-3.5913E-01
-3.5907E-01
-3.5900E-01
-3.5900E-01
-3.5892E-01
-3.5892E-01
-3.5892E-01
-3.5896E-01
-3.5897E-01
-3.5905E-01
-3.5908E-01
-3.5916E-01
-3.5926E-01
-3.5940E-01
-3.5949E-01
-3.5965E-01
-3.5978E-01
-3.5994E-01
-3.6009E-01
-3.6031E-01
-3.6046E-01
-3.6065E-01
-3.6084E-01
-3.6106E-01
-3.6122E-01
-3.6144E-01
-3.6160E-01
-3.6177E-01
-3.6196E-01
-3.6215E-01
-3.6229E-01
-3.6246E-01
-3.6258E-01
-3.6272E-01
-3.6283E-01
-3.6299E-01
-3.6303E-01
-3.6313E-01
-3.6321E-01
-3.6329E-01
-3.6330E-01
-3.6335E-01
-3.6335E-01
-3.6333E-01
-3.6333E-01
-3.6333E-01
-3.6329E-01
-3.6325E-01
-3.6319E-01
-3.6311E-01
-3.6303E-01
-3.6300E-01
-3.6286E-01
-3.6278E-01
-3.6269E-01
-3.6259E-01
-3.6246E-01
-3.6239E-01
-3.6226E-01
-3.6215E-01
-3.6205E-01
-3.6199E-01
-3.6190E-01
-3.6185E-01
-3.6177E-01
-3.6171E-01
-3.6166E-01
-3.6166E-01
-3.6161E-01
-3.6161E-01
-3.6161E-01
-3.6166E-01
-3.6167E-01
-3.6174E-01
-3.6178E-01
-3.6185E-01
-3.6194E-01
-3.6207E-01
-3.6216E-01
-3.6231E-01
-3.6240E-01
-3.6250E-01
-3.6258E-01
-3.6272E-01
-3.6276E-01
-3.6286E-01
-3.6295E-01
-3.6308E-01
-3.6314E-01
-3.6325E-01
-3.6332E-01
-3.6338E-01
-3.6348E-01
-3.6360E-01
-3.6367E-01
-3.6378E-01
-3.6379E-01
-3.6381E-01
-3.6379E-01
-3.6381E-01
-3.6376E-01
-3.6374E-01
-3.6374E-01
-3.6376E-01
-3.6374E-01
-3.6378E-01
-3.6376E-01
-3.6376E-01
-3.6381E-01
-3.6387E-01
-3.6390E-01
-3.6397E-01
-3.6393E-01
-3.6389E-01
-3.6381E-01
-3.6378E-01
-3.6365E-01
-3.6359E-01
-3.6351E-01
-3.6348E-01
-3.6340E-01
-3.6337E-01
-3.6330E-01
-3.6325E-01
-3.6322E-01
-3.6324E-01
-3.6322E-01
-3.6324E-01
-3.6316E-01
-3.6307E-01
-3.6294E-01
-3.6286E-01
-3.6272E-01
-3.6264E-01
-3.6258E-01
-3.6254E-01
-3.6250E-01
-3.6253E-01
-3.6251E-01
-3.6254E-01
-3.6261E-01
-3.6270E-01
-3.6280E-01
-3.6291E-01
-3.6295E-01
-3.6297E-01
-3.6297E-01
-3.6300E-01
-3.6295E-01
-3.6297E-01
-3.6297E-01
-3.6302E-01
-3.6302E-01
-3.6308E-01
-3.6308E-01
-3.6308E-01
-3.6310E-01
-3.6313E-01
-3.6311E-01
-3.6310E-01
-3.6300E-01
-3.6284E-01
-3.6265E-01
-3.6248E-01
-3.6220E-01
-3.6196E-01
-3.6172E-01
-3.6148E-01
-3.6120E-01
-3.6096E-01
-3.6066E-01
-3.6035E-01
-3.6003E-01
-3.5973E-01
-3.5938E-01
-3.5902E-01
-3.5858E-01
-3.5807E-01
-3.5753E-01
-3.5699E-01
-3.5635E-01
-3.5573E-01
-3.5508E-01
-3.5443E-01
-3.5372E-01
-3.5303E-01
-3.5224E-01
-3.5141E-01
-3.5056E-01
-3.4968E-01
-3.4871E-01
-3.4770E-01
-3.4656E-01
-3.4534E-01
-3.4406E-01
-3.4274E-01
-3.4127E-01
-3.3978E-01
-3.3825E-01
-3.3667E-01
-3.3501E-01
-3.3333E-01
-3.3154E-01
-3.2971E-01
-3.2781E-01
-3.2587E-01
-3.2385E-01
-3.2178E-01
-3.1959E-01
-3.1733E-01
-3.1501E-01
-3.1267E-01
-3.1022E-01
-3.0779E-01
-3.0530E-01
-3.0285E-01
-3.0036E-01
-2.9789E-01
-2.9538E-01
-2.9285E-01
-2.9033E-01
-2.8782E-01
-2.8531E-01
-2.8281E-01
-2.8028E-01
-2.7777E-01
-2.7525E-01
-2.7282E-01
-2.7035E-01
-2.6798E-01
-2.6567E-01
-2.6346E-01
-2.6129E-01
-2.5926E-01
-2.5723E-01
-2.5527E-01
-2.5341E-01
-2.5162E-01
-2.4988E-01
-2.4824E-01
-2.4661E-01
-2.4506E-01
-2.4357E-01
-2.4218E-01
-2.4081E-01
-2.3956E-01
-2.3839E-01
-2.3735E-01
-2.3637E-01
-2.3551E-01
-2.3467E-01
-2.3390E-01
-2.3320E-01
-2.3257E-01
-2.3195E-01
-2.3143E-01
-2.3090E-01
-2.3041E-01
-2.2995E-01
-2.2955E-01
-2.2914E-01
-2.2882E-01
-2.2854E-01
-2.2837E-01
-2.2821E-01
-2.2815E-01
-2.2807E-01
-2.2802E-01
-2.2800E-01
-2.2802E-01
-2.2803E-01
-2.2808E-01
-2.2811E-01
-2.2816E-01
-2.2821E-01
-2.2830E-01
-2.2833E-01
-2.2845E-01
-2.2859E-01
-2.2879E-01
-2.2901E-01
-2.2930E-01
-2.2955E-01
-2.2981E-01
-2.3006E-01
-2.3033E-01
-2.3056E-01
-2.3082E-01
-2.3104E-01
-2.3124E-01
-2.3142E-01
-2.3164E-01
-2.3177E-01
-2.3195E-01
-2.3213E-01
-2.3238E-01
-2.3260E-01
-2.3289E-01
-2.3311E-01
-2.3330E-01
-2.3347E-01
-2.3363E-01
-2.3376E-01
-2.3387E-01
-2.3393E-01
-2.3396E-01
-2.3398E-01
-2.3399E-01
-2.3393E-01
-2.3390E-01
-2.3385E-01
-2.3387E-01
-2.3388E-01
-2.3393E-01
-2.3392E-01
-2.3388E-01
-2.3385E-01
-2.3380E-01
-2.3373E-01
-2.3365E-01
-2.3354E-01
-2.3343E-01
-2.3328E-01
-2.3319E-01
-2.3301E-01
-2.3290E-01
-2.3279E-01
-2.3276E-01
-2.3273E-01
-2.3275E-01
-2.3273E-01
-2.3270E-01
-2.3268E-01
-2.3267E-01
-2.3263E-01
-2.3262E-01
-2.3256E-01
-2.3252E-01
-2.3246E-01
-2.3243E-01
-2.3235E-01
-2.3229E-01
-2.3224E-01
-2.3222E-01
-2.3221E-01
-2.3221E-01
-2.3218E-01
-2.3213E-01
-2.3208E-01
-2.3203E-01
-2.3194E-01
-2.3188E-01
-2.3177E-01
-2.3165E-01
-2.3154E-01
-2.3145E-01
-2.3129E-01
-2.3116E-01
-2.3104E-01
-2.3093E-01
-2.3080E-01
-2.3069E-01
-2.3056E-01
-2.3044E-01
-2.3033E-01
-2.3022E-01
-2.3009E-01
-2.2999E-01
-2.2987E-01
-2.2974E-01
-2.2962E-01
-2.2954E-01
-2.2939E-01
-2.2930E-01
-2.2920E-01
-2.2914E-01
-2.2905E-01
-2.2900E-01
-2.2892E-01
-2.2886E-01
-2.2882E-01
-2.2881E-01
-2.2878E-01
-2.2878E-01
-2.2875E-01
-2.2871E-01
-2.2867E-01
-2.2867E-01
-2.2864E-01
-2.2864E-01
-2.2864E-01
-2.2867E-01
-2.2868E-01
-2.2873E-01
-2.2876E-01
-2.2881E-01
-2.2889E-01
-2.2900E-01
-2.2911E-01
-2.2922E-01
-2.2927E-01
-2.2927E-01
-2.2925E-01
-2.2925E-01
-2.2920E-01
-2.2920E-01
-2.2920E-01
-2.2924E-01
-2.2925E-01
-2.2930E-01
-2.2932E-01
-2.2936E-01
-2.2943E-01
-2.2957E-01
-2.2969E-01
-2.2981E-01
-2.2981E-01
-2.2974E-01
-2.2962E-01
-2.2950E-01
-2.2936E-01
-2.2928E-01
-2.2922E-01
-2.2919E-01
-2.2916E-01
-2.2920E-01
-2.2922E-01
-2.2925E-01
-2.2935E-01
-2.2952E-01
-2.2969E-01
-2.2985E-01
-2.2987E-01
-2.2977E-01
-2.2962E-01
-2.2946E-01
-2.2927E-01
-2.2914E-01
-2.2903E-01
-2.2898E-01
-2.2895E-01
-2.2900E-01
-2.2901E-01
-2.2906E-01
-2.2916E-01
-2.2935E-01
-2.2957E-01
-2.2976E-01
-2.2981E-01
-2.2973E-01
-2.2960E-01
-2.2946E-01
-2.2932E-01
-2.2925E-01
-2.2922E-01
-2.2927E-01
-2.2935E-01
-2.2950E-01
-2.2965E-01
-2.2982E-01
-2.3006E-01
-2.3037E-01
-2.3071E-01
-2.3099E-01
-2.3115E-01
-2.3116E-01
-2.3112E-01
-2.3104E-01
-2.3093E-01
-2.3085E-01
-2.3079E-01
-2.3074E-01
-2.3072E-01
-2.3074E-01
-2.3067E-01
-2.3061E-01
-2.3055E-01
-2.3050E-01
-2.3042E-01
-2.3026E-01
-2.2995E-01
-2.2946E-01
-2.2889E-01
-2.2822E-01
-2.2751E-01
-2.2679E-01
-2.2604E-01
-2.2528E-01
-2.2451E-01
-2.2373E-01
-2.2287E-01
-2.2193E-01
-2.2097E-01
-2.1994E-01
-2.1885E-01
-2.1763E-01
-2.1624E-01
-2.1461E-01
-2.1286E-01
-2.1095E-01
-2.0889E-01
-2.0677E-01
-2.0454E-01
-2.0222E-01
-1.9980E-01
-1.9730E-01
-1.9459E-01
-1.9171E-01
-1.8869E-01
-1.8551E-01
-1.8218E-01
-1.7862E-01
-1.7478E-01
-1.7065E-01
-1.6632E-01
-1.6175E-01
-1.5699E-01
-1.5209E-01
-1.4705E-01
-1.4190E-01
-1.3663E-01
-1.3126E-01
-1.2569E-01
-1.1997E-01
-1.1412E-01
-1.0815E-01
-1.0208E-01
-9.585E-02
-8.942E-02
-8.281E-02
-7.607E-02
-6.923E-02
-6.231E-02
-5.538E-02
-4.843E-02
-4.152E-02
-3.464E-02
-2.781E-02
-2.095E-02
-1.408E-02
-7.21E-03
-4.0E-04
6.36E-03
1.315E-02
1.994E-02
2.674E-02
3.352E-02
4.024E-02
4.688E-02
5.336E-02
5.972E-02
6.585E-02
7.178E-02
7.752E-02
8.313E-02
8.861E-02
9.394E-02
9.911E-02
1.0406E-01
1.0888E-01
1.1357E-01
1.1814E-01
1.2255E-01
1.2680E-01
1.3085E-01
1.3463E-01
1.3819E-01
1.4141E-01
1.4433E-01
1.4701E-01
1.4949E-01
1.5180E-01
1.5393E-01
1.5586E-01
1.5758E-01
1.5916E-01
1.6062E-01
1.6198E-01
1.6318E-01
1.6428E-01
1.6523E-01
1.6598E-01
1.6656E-01
1.6689E-01
1.6700E-01
1.6694E-01
1.6681E-01
1.6662E-01
1.6637E-01
1.6607E-01
1.6566E-01
1.6526E-01
1.6485E-01
1.6446E-01
1.6406E-01
1.6367E-01
1.6326E-01
1.6278E-01
1.6226E-01
1.6158E-01
1.6079E-01
1.5995E-01
1.5916E-01
1.5844E-01
1.5776E-01
1.5712E-01
1.5648E-01
1.5594E-01
1.5548E-01
1.5510E-01
1.5478E-01
1.5456E-01
1.5439E-01
1.5420E-01
1.5401E-01
1.5372E-01
1.5335E-01
1.5297E-01
1.5267E-01
1.5246E-01
1.5233E-01
1.5229E-01
1.5225E-01
1.5232E-01
1.5244E-01
1.5267E-01
1.5295E-01
1.5333E-01
1.5371E-01
1.5410E-01
1.5447E-01
1.5472E-01
1.5486E-01
1.5499E-01
1.5515E-01
1.5540E-01
1.5573E-01
1.5608E-01
1.5644E-01
1.5689E-01
1.5734E-01
1.5787E-01
1.5842E-01
1.5904E-01
1.5964E-01
1.6024E-01
1.6079E-01
1.6125E-01
1.6157E-01
1.6187E-01
1.6218E-01
1.6256E-01
1.6299E-01
1.6341E-01
1.6384E-01
1.6430E-01
1.6476E-01
1.6523E-01
1.6574E-01
1.6626E-01
1.6675E-01
1.6724E-01
1.6768E-01
1.6806E-01
1.6833E-01
1.6857E-01
1.6882E-01
1.6911E-01
1.6942E-01
1.6974E-01
1.7005E-01
1.7039E-01
1.7072E-01
1.7107E-01
1.7143E-01
1.7182E-01
1.7220E-01
1.7260E-01
1.7296E-01
1.7333E-01
1.7364E-01
1.7397E-01
1.7429E-01
1.7464E-01
1.7502E-01
1.7540E-01
1.7578E-01
1.7617E-01
1.7654E-01
1.7693E-01
1.7731E-01
1.7772E-01
1.7807E-01
1.7843E-01
1.7878E-01
1.7911E-01
1.7941E-01
1.7970E-01
1.7995E-01
1.8020E-01
1.8044E-01
1.8066E-01
1.8084E-01
1.8101E-01
1.8117E-01
1.8131E-01
1.8144E-01
1.8158E-01
1.8166E-01
1.8174E-01
1.8182E-01
1.8188E-01
1.8191E-01
1.8194E-01
1.8196E-01
1.8196E-01
1.8197E-01
1.8197E-01
1.8194E-01
1.8193E-01
1.8191E-01
1.8189E-01
1.8188E-01
1.8188E-01
1.8183E-01
1.8180E-01
1.8177E-01
1.8170E-01
1.8163E-01
1.8155E-01
1.8145E-01
1.8134E-01
1.8125E-01
1.8114E-01
1.8101E-01
1.8090E-01
1.8077E-01
1.8068E-01
1.8058E-01
1.8052E-01
1.8042E-01
1.8035E-01
1.8027E-01
1.8019E-01
1.8008E-01
1.8000E-01
1.7990E-01
1.7984E-01
1.7978E-01
1.7974E-01
1.7968E-01
1.7967E-01
1.7967E-01
1.7968E-01
1.7973E-01
1.7981E-01
1.7984E-01
1.7990E-01
1.7995E-01
1.8000E-01
1.8001E-01
1.8003E-01
1.8001E-01
1.8001E-01
1.8000E-01
1.7997E-01
1.7990E-01
1.7986E-01
1.7978E-01
1.7971E-01
1.7965E-01
1.7959E-01
1.7946E-01
1.7935E-01
1.7921E-01
1.7905E-01
1.7886E-01
1.7865E-01
1.7842E-01
1.7820E-01
1.7797E-01
1.7774E-01
1.7748E-01
1.7725E-01
1.7703E-01
1.7682E-01
1.7663E-01
1.7649E-01
1.7630E-01
1.7616E-01
1.7601E-01
1.7589E-01
1.7574E-01
1.7563E-01
1.7552E-01
1.7543E-01
1.7537E-01
1.7533E-01
1.7529E-01
1.7530E-01
1.7532E-01
1.7538E-01
1.7548E-01
1.7562E-01
1.7574E-01
1.7592E-01
1.7609E-01
1.7631E-01
1.7652E-01
1.7676E-01
1.7701E-01
1.7729E-01
1.7761E-01
1.7796E-01
1.7831E-01
1.7872E-01
1.7913E-01
1.7959E-01
1.8008E-01
1.8063E-01
1.8115E-01
1.8174E-01
1.8232E-01
1.8294E-01
1.8355E-01
1.8420E-01
1.8485E-01
1.8553E-01
1.8623E-01
1.8695E-01
1.8766E-01
1.8841E-01
1.8917E-01
1.8994E-01
1.9073E-01
1.9157E-01
1.9234E-01
1.9317E-01
1.9397E-01
1.9479E-01
1.9557E-01
1.9637E-01
1.9715E-01
1.9792E-01
1.9870E-01
1.9947E-01
2.0022E-01
2.0096E-01
2.0170E-01
2.0244E-01
2.0319E-01
2.0395E-01
2.0464E-01
2.0535E-01
2.0603E-01
2.0671E-01
2.0734E-01
2.0798E-01
2.0858E-01
2.0918E-01
2.0978E-01
2.1036E-01
2.1090E-01
2.1147E-01
2.1201E-01
2.1256E-01
2.1310E-01
2.1367E-01
2.1416E-01
2.1468E-01
2.1519E-01
2.1568E-01
2.1612E-01
2.1656E-01
2.1699E-01
2.1741E-01
2.1783E-01
2.1825E-01
2.1863E-01
2.1904E-01
2.1941E-01
2.1980E-01
2.2016E-01
2.2058E-01
2.2091E-01
2.2126E-01
2.2159E-01
2.2190E-01
2.2216E-01
2.2244E-01
2.2266E-01
2.2290E-01
2.2312E-01
2.2336E-01
2.2353E-01
2.2372E-01
2.2390E-01
2.2405E-01
2.2421E-01
2.2440E-01
2.2451E-01
2.2464E-01
2.2473E-01
2.2483E-01
2.2486E-01
2.2489E-01
2.2489E-01
2.2491E-01
2.2491E-01
2.2491E-01
2.2488E-01
2.2486E-01
2.2483E-01
2.2480E-01
2.2475E-01
2.2473E-01
2.2467E-01
2.2461E-01
2.2454E-01
2.2445E-01
2.2432E-01
2.2420E-01
2.2405E-01
2.2391E-01
2.2378E-01
2.2367E-01
2.2353E-01
2.2342E-01
2.2329E-01
2.2318E-01
2.2309E-01
2.2303E-01
2.2293E-01
2.2287E-01
2.2279E-01
2.2273E-01
2.2265E-01
2.2258E-01
2.2252E-01
2.2249E-01
2.2250E-01
2.2254E-01
2.2257E-01
2.2266E-01
2.2276E-01
2.2288E-01
2.2304E-01
2.2325E-01
2.2344E-01
2.2367E-01
2.2391E-01
2.2416E-01
2.2440E-01
2.2467E-01
2.2494E-01
2.2522E-01
2.2556E-01
2.2589E-01
2.2620E-01
2.2655E-01
2.2687E-01
2.2722E-01
2.2755E-01
2.2791E-01
2.2821E-01
2.2854E-01
2.2883E-01
2.2911E-01
2.2935E-01
2.2957E-01
2.2976E-01
2.2993E-01
2.3011E-01
2.3027E-01
2.3038E-01
2.3050E-01
2.3058E-01
2.3066E-01
2.3071E-01
2.3079E-01
2.3079E-01
2.3082E-01
2.3082E-01
2.3082E-01
2.3079E-01
2.3076E-01
2.3071E-01
2.3066E-01
2.3065E-01
2.3063E-01
2.3058E-01
2.3058E-01
2.3055E-01
2.3055E-01
2.3055E-01
2.3060E-01
2.3060E-01
2.3063E-01
2.3066E-01
2.3072E-01
2.3076E-01
2.3082E-01
2.3087E-01
2.3091E-01
2.3099E-01
2.3109E-01
2.3115E-01
2.3125E-01
2.3131E-01
2.3139E-01
2.3145E-01
2.3156E-01
2.3159E-01
2.3167E-01
2.3174E-01
2.3180E-01
2.3183E-01
2.3188E-01
2.3189E-01
2.3193E-01
2.3196E-01
2.3201E-01
2.3201E-01
2.3204E-01
2.3202E-01
2.3201E-01
2.3199E-01
2.3199E-01
2.3193E-01
2.3191E-01
2.3189E-01
2.3188E-01
2.3185E-01
2.3185E-01
2.3183E-01
2.3182E-01
2.3183E-01
2.3186E-01
2.3189E-01
2.3194E-01
2.3191E-01
2.3188E-01
2.3182E-01
2.3178E-01
2.3170E-01
2.3167E-01
2.3164E-01
2.3164E-01
2.3163E-01
2.3164E-01
2.3164E-01
2.3164E-01
2.3170E-01
2.3180E-01
2.3191E-01
2.3201E-01
2.3201E-01
2.3194E-01
2.3185E-01
2.3177E-01
2.3166E-01
2.3159E-01
2.3153E-01
2.3152E-01
2.3150E-01
2.3153E-01
2.3153E-01
2.3158E-01
2.3166E-01
2.3182E-01
2.3197E-01
2.3212E-01
2.3215E-01
2.3208E-01
2.3197E-01
2.3186E-01
2.3172E-01
2.3164E-01
2.3158E-01
2.3156E-01
2.3155E-01
2.3158E-01
2.3159E-01
2.3164E-01
2.3172E-01
2.3186E-01
2.3202E-01
2.3215E-01
2.3216E-01
2.3205E-01
2.3188E-01
2.3170E-01
2.3150E-01
2.3136E-01
2.3123E-01
2.3114E-01
2.3107E-01
2.3106E-01
2.3102E-01
2.3101E-01
2.3104E-01
2.3114E-01
2.3125E-01
2.3133E-01
2.3129E-01
2.3115E-01
2.3096E-01
2.3079E-01
2.3057E-01
2.3042E-01
2.3030E-01
2.3022E-01
2.3017E-01
2.3019E-01
2.3016E-01
2.3017E-01
2.3020E-01
2.3028E-01
2.3036E-01
2.3042E-01
2.3036E-01
2.3019E-01
2.2997E-01
2.2971E-01
2.2941E-01
2.2913E-01
2.2884E-01
2.2857E-01
2.2827E-01
2.2801E-01
2.2764E-01
2.2725E-01
2.2680E-01
2.2631E-01
2.2578E-01
2.2511E-01
2.2428E-01
2.2325E-01
2.2209E-01
2.2080E-01
2.1936E-01
2.1784E-01
2.1621E-01
2.1449E-01
2.1266E-01
2.1071E-01
2.0858E-01
2.0629E-01
2.0384E-01
2.0121E-01
1.9845E-01
1.9546E-01
1.9220E-01
1.8868E-01
1.8493E-01
1.8098E-01
1.7682E-01
1.7254E-01
1.6808E-01
1.6349E-01
1.5880E-01
1.5398E-01
1.4895E-01
1.4380E-01
1.3850E-01
1.3308E-01
1.2755E-01
1.2189E-01
1.1604E-01
1.1005E-01
1.0395E-01
9.775E-02
9.151E-02
8.526E-02
7.900E-02
7.282E-02
6.669E-02
6.062E-02
5.455E-02
4.851E-02
4.253E-02
3.662E-02
3.079E-02
2.502E-02
1.928E-02
1.357E-02
7.94E-03
2.43E-03
-2.99E-03
-8.23E-03
-1.332E-02
-1.817E-02
-2.282E-02
-2.728E-02
-3.162E-02
-3.581E-02
-3.986E-02
-4.375E-02
-4.745E-02
-5.102E-02
-5.451E-02
-5.788E-02
-6.114E-02
-6.425E-02
-6.722E-02
-6.999E-02
-7.258E-02
-7.492E-02
-7.705E-02
-7.898E-02
-8.080E-02
-8.249E-02
-8.407E-02
-8.551E-02
-8.679E-02
-8.801E-02
-8.915E-02
-9.021E-02
-9.120E-02
-9.210E-02
-9.291E-02
-9.357E-02
-9.413E-02
-9.447E-02
-9.468E-02
-9.474E-02
-9.477E-02
-9.476E-02
-9.471E-02
-9.462E-02
-9.446E-02
-9.430E-02
-9.414E-02
-9.400E-02
-9.386E-02
-9.372E-02
-9.357E-02
-9.337E-02
-9.311E-02
-9.274E-02
-9.226E-02
-9.174E-02
-9.125E-02
-9.081E-02
-9.040E-02
-9.000E-02
-8.961E-02
-8.926E-02
-8.897E-02
-8.874E-02
-8.855E-02
-8.839E-02
-8.826E-02
-8.812E-02
-8.793E-02
-8.765E-02
-8.727E-02
-8.687E-02
-8.649E-02
-8.621E-02
-8.595E-02
-8.573E-02
-8.553E-02
-8.537E-02
-8.527E-02
-8.523E-02
-8.523E-02
-8.527E-02
-8.534E-02
-8.542E-02
-8.545E-02
-8.538E-02
-8.524E-02
-8.508E-02
-8.497E-02
-8.496E-02
-8.499E-02
-8.508E-02
-8.519E-02
-8.537E-02
-8.561E-02
-8.591E-02
-8.625E-02
-8.667E-02
-8.711E-02
-8.757E-02
-8.799E-02
-8.837E-02
-8.866E-02
-8.894E-02
-8.927E-02
-8.967E-02
-9.011E-02
-9.059E-02
-9.106E-02
-9.158E-02
-9.210E-02
-9.266E-02
-9.323E-02
-9.383E-02
-9.440E-02
-9.496E-02
-9.550E-02
-9.596E-02
-9.634E-02
-9.670E-02
-9.704E-02
-9.741E-02
-9.778E-02
-9.814E-02
-9.849E-02
-9.884E-02
-9.915E-02
-9.949E-02
-9.980E-02
-1.0013E-01
-1.0042E-01
-1.0072E-01
-1.0099E-01
-1.0122E-01
-1.0141E-01
-1.0159E-01
-1.0176E-01
-1.0194E-01
-1.0213E-01
-1.0231E-01
-1.0249E-01
-1.0266E-01
-1.0282E-01
-1.0298E-01
-1.0314E-01
-1.0329E-01
-1.0342E-01
-1.0356E-01
-1.0369E-01
-1.0380E-01
-1.0390E-01
-1.0397E-01
-1.0405E-01
-1.0412E-01
-1.0418E-01
-1.0424E-01
-1.0431E-01
-1.0435E-01
-1.0437E-01
-1.0437E-01
-1.0437E-01
-1.0437E-01
-1.0435E-01
-1.0434E-01
-1.0434E-01
-1.0432E-01
-1.0432E-01
-1.0432E-01
-1.0432E-01
-1.0434E-01
-1.0437E-01
-1.0442E-01
-1.0448E-01
-1.0454E-01
-1.0458E-01
-1.0458E-01
-1.0459E-01
-1.0459E-01
-1.0461E-01
-1.0464E-01
-1.0467E-01
-1.0473E-01
-1.0478E-01
-1.0484E-01
-1.0491E-01
-1.0499E-01
-1.0508E-01
-1.0522E-01
-1.0535E-01
-1.0548E-01
-1.0552E-01
-1.0551E-01
-1.0544E-01
-1.0538E-01
-1.0530E-01
-1.0524E-01
-1.0518E-01
-1.0513E-01
-1.0508E-01
-1.0507E-01
-1.0503E-01
-1.0502E-01
-1.0503E-01
-1.0510E-01
-1.0518E-01
-1.0524E-01
-1.0521E-01
-1.0508E-01
-1.0491E-01
-1.0473E-01
-1.0456E-01
-1.0442E-01
-1.0431E-01
-1.0421E-01
-1.0413E-01
-1.0410E-01
-1.0407E-01
-1.0405E-01
-1.0407E-01
-1.0416E-01
-1.0426E-01
-1.0434E-01
-1.0431E-01
-1.0416E-01
-1.0397E-01
-1.0375E-01
-1.0355E-01
-1.0336E-01
-1.0318E-01
-1.0304E-01
-1.0292E-01
-1.0282E-01
-1.0273E-01
-1.0265E-01
-1.0258E-01
-1.0258E-01
-1.0260E-01
-1.0258E-01
-1.0247E-01
-1.0224E-01
-1.0198E-01
-1.0170E-01
-1.0141E-01
-1.0116E-01
-1.0094E-01
-1.0075E-01
-1.0059E-01
-1.0050E-01
-1.0037E-01
-1.0026E-01
-1.0018E-01
-1.0013E-01
-1.0010E-01
-1.0002E-01
-9.988E-02
-9.961E-02
-9.931E-02
-9.895E-02
-9.858E-02
-9.822E-02
-9.786E-02
-9.749E-02
-9.713E-02
-9.678E-02
-9.636E-02
-9.591E-02
-9.542E-02
-9.490E-02
-9.435E-02
-9.368E-02
-9.289E-02
-9.194E-02
-9.089E-02
-8.970E-02
-8.845E-02
-8.712E-02
-8.573E-02
-8.426E-02
-8.274E-02
-8.115E-02
-7.941E-02
-7.758E-02
-7.562E-02
-7.354E-02
-7.138E-02
-6.902E-02
-6.649E-02
-6.373E-02
-6.082E-02
-5.772E-02
-5.450E-02
-5.114E-02
-4.767E-02
-4.409E-02
-4.043E-02
-3.665E-02
-3.270E-02
-2.860E-02
-2.438E-02
-2.002E-02
-1.556E-02
-1.091E-02
-6.12E-03
-1.13E-03
3.99E-03
9.26E-03
1.462E-02
2.002E-02
2.549E-02
3.096E-02
3.643E-02
4.190E-02
4.745E-02
5.301E-02
5.858E-02
6.416E-02
6.971E-02
7.525E-02
8.082E-02
8.640E-02
9.195E-02
9.746E-02
1.0289E-01
1.0818E-01
1.1338E-01
1.1838E-01
1.2322E-01
1.2789E-01
1.3245E-01
1.3689E-01
1.4120E-01
1.4536E-01
1.4935E-01
1.5323E-01
1.5700E-01
1.6065E-01
1.6416E-01
1.6754E-01
1.7077E-01
1.7377E-01
1.7661E-01
1.7919E-01
1.8153E-01
1.8368E-01
1.8567E-01
1.8754E-01
1.8924E-01
1.9081E-01
1.9220E-01
1.9348E-01
1.9465E-01
1.9571E-01
1.9666E-01
1.9751E-01
1.9822E-01
1.9878E-01
1.9920E-01
1.9939E-01
1.9941E-01
1.9928E-01
1.9908E-01
1.9882E-01
1.9849E-01
1.9811E-01
1.9764E-01
1.9715E-01
1.9664E-01
1.9614E-01
1.9562E-01
1.9511E-01
1.9456E-01
1.9397E-01
1.9335E-01
1.9263E-01
1.9182E-01
1.9100E-01
1.9019E-01
1.8947E-01
1.8877E-01
1.8814E-01
1.8749E-01
1.8695E-01
1.8646E-01
1.8604E-01
1.8567E-01
1.8540E-01
1.8513E-01
1.8490E-01
1.8466E-01
1.8434E-01
1.8395E-01
1.8357E-01
1.8324E-01
1.8297E-01
1.8278E-01
1.8264E-01
1.8248E-01
1.8240E-01
1.8237E-01
1.8238E-01
1.8245E-01
1.8259E-01
1.8270E-01
1.8284E-01
1.8295E-01
1.8297E-01
1.8291E-01
1.8283E-01
1.8278E-01
1.8281E-01
1.8289E-01
1.8300E-01
1.8313E-01
1.8330E-01
1.8351E-01
1.8374E-01
1.8403E-01
1.8438E-01
1.8469E-01
1.8504E-01
1.8534E-01
1.8558E-01
1.8570E-01
1.8583E-01
1.8596E-01
1.8613E-01
1.8635E-01
1.8659E-01
1.8681E-01
1.8706E-01
1.8730E-01
1.8757E-01
1.8784E-01
1.8815E-01
1.8842E-01
1.8871E-01
1.8894E-01
1.8913E-01
1.8924E-01
1.8936E-01
1.8945E-01
1.8959E-01
1.8977E-01
1.8996E-01
1.9013E-01
1.9035E-01
1.9054E-01
1.9078E-01
1.9102E-01
1.9130E-01
1.9155E-01
1.9185E-01
1.9214E-01
1.9242E-01
1.9268E-01
1.9294E-01
1.9321E-01
1.9351E-01
1.9383E-01
1.9416E-01
1.9448E-01
1.9483E-01
1.9514E-01
1.9546E-01
1.9576E-01
1.9609E-01
1.9636E-01
1.9664E-01
1.9691E-01
1.9718E-01
1.9740E-01
1.9764E-01
1.9783E-01
1.9800E-01
1.9818E-01
1.9833E-01
1.9846E-01
1.9857E-01
1.9863E-01
1.9870E-01
1.9873E-01
1.9876E-01
1.9873E-01
1.9873E-01
1.9870E-01
1.9868E-01
1.9862E-01
1.9859E-01
1.9852E-01
1.9846E-01
1.9840E-01
1.9835E-01
1.9826E-01
1.9819E-01
1.9811E-01
1.9802E-01
1.9794E-01
1.9788E-01
1.9777E-01
1.9769E-01
1.9761E-01
1.9754E-01
1.9746E-01
1.9740E-01
1.9732E-01
1.9724E-01
1.9720E-01
1.9715E-01
1.9707E-01
1.9704E-01
1.9697E-01
1.9693E-01
1.9690E-01
1.9688E-01
1.9683E-01
1.9680E-01
1.9679E-01
1.9677E-01
1.9674E-01
1.9674E-01
1.9671E-01
1.9671E-01
1.9671E-01
1.9672E-01
1.9672E-01
1.9675E-01
1.9677E-01
1.9680E-01
1.9685E-01
1.9693E-01
1.9696E-01
1.9702E-01
1.9709E-01
1.9715E-01
1.9716E-01
1.9721E-01
1.9723E-01
1.9726E-01
1.9728E-01
1.9729E-01
1.9728E-01
1.9728E-01
1.9724E-01
1.9721E-01
1.9716E-01
1.9713E-01
1.9702E-01
1.9693E-01
1.9680E-01
1.9667E-01
1.9648E-01
1.9630E-01
1.9606E-01
1.9582E-01
1.9555E-01
1.9528E-01
1.9495E-01
1.9464E-01
1.9427E-01
1.9391E-01
1.9353E-01
1.9315E-01
1.9271E-01
1.9228E-01
1.9184E-01
1.9139E-01
1.9090E-01
1.9043E-01
1.8991E-01
1.8940E-01
1.8890E-01
1.8839E-01
1.8785E-01
1.8735E-01
1.8683E-01
1.8630E-01
1.8578E-01
1.8531E-01
1.8477E-01
1.8428E-01
1.8379E-01
1.8332E-01
1.8284E-01
1.8238E-01
1.8193E-01
1.8148E-01
1.8106E-01
1.8066E-01
1.8027E-01
1.7990E-01
1.7954E-01
1.7921E-01
1.7889E-01
1.7862E-01
1.7834E-01
1.7810E-01
1.7788E-01
1.7772E-01
1.7755E-01
1.7744E-01
1.7734E-01
1.7726E-01
1.7725E-01
1.7726E-01
1.7729E-01
1.7739E-01
1.7748E-01
1.7764E-01
1.7783E-01
1.7808E-01
1.7834E-01
1.7865E-01
1.7900E-01
1.7941E-01
1.7984E-01
1.8033E-01
1.8084E-01
1.8139E-01
1.8199E-01
1.8262E-01
1.8327E-01
1.8397E-01
1.8468E-01
1.8542E-01
1.8618E-01
1.8700E-01
1.8779E-01
1.8861E-01
1.8947E-01
1.9032E-01
1.9117E-01
1.9206E-01
1.9291E-01
1.9377E-01
1.9462E-01
1.9549E-01
1.9631E-01
1.9713E-01
1.9792E-01
1.9870E-01
1.9944E-01
2.0018E-01
2.0085E-01
2.0153E-01
2.0216E-01
2.0276E-01
2.0331E-01
2.0385E-01
2.0434E-01
2.0478E-01
2.0519E-01
2.0557E-01
2.0589E-01
2.0619E-01
2.0643E-01
2.0665E-01
2.0682E-01
2.0698E-01
2.0706E-01
2.0714E-01
2.0719E-01
2.0720E-01
2.0719E-01
2.0716E-01
2.0708E-01
2.0700E-01
2.0689E-01
2.0678E-01
2.0662E-01
2.0646E-01
2.0629E-01
2.0610E-01
2.0589E-01
2.0570E-01
2.0546E-01
2.0523E-01
2.0501E-01
2.0477E-01
2.0452E-01
2.0428E-01
2.0403E-01
2.0376E-01
2.0350E-01
2.0325E-01
2.0297E-01
2.0271E-01
2.0243E-01
2.0214E-01
2.0188E-01
2.0162E-01
2.0132E-01
2.0105E-01
2.0078E-01
2.0052E-01
2.0023E-01
1.9998E-01
1.9971E-01
1.9944E-01
1.9920E-01
1.9898E-01
1.9875E-01
1.9854E-01
1.9832E-01
1.9811E-01
1.9792E-01
1.9778E-01
1.9761E-01
1.9746E-01
1.9734E-01
1.9723E-01
1.9710E-01
1.9701E-01
1.9690E-01
1.9682E-01
1.9675E-01
1.9671E-01
1.9666E-01
1.9663E-01
1.9660E-01
1.9656E-01
1.9655E-01
1.9655E-01
1.9652E-01
1.9650E-01
1.9648E-01
1.9647E-01
1.9641E-01
1.9637E-01
1.9631E-01
1.9626E-01
1.9622E-01
1.9617E-01
1.9611E-01
1.9606E-01
1.9598E-01
1.9593E-01
1.9585E-01
1.9582E-01
1.9573E-01
1.9568E-01
1.9560E-01
1.9555E-01
1.9546E-01
1.9539E-01
1.9532E-01
1.9525E-01
1.9520E-01
1.9517E-01
1.9511E-01
1.9508E-01
1.9503E-01
1.9500E-01
1.9497E-01
1.9497E-01
1.9492E-01
1.9490E-01
1.9487E-01
1.9486E-01
1.9483E-01
1.9481E-01
1.9476E-01
1.9471E-01
1.9470E-01
1.9467E-01
1.9462E-01
1.9460E-01
1.9456E-01
1.9451E-01
1.9446E-01
1.9446E-01
1.9440E-01
1.9438E-01
1.9435E-01
1.9435E-01
1.9433E-01
1.9435E-01
1.9437E-01
1.9438E-01
1.9441E-01
1.9448E-01
1.9452E-01
1.9460E-01
1.9467E-01
1.9476E-01
1.9487E-01
1.9501E-01
1.9511E-01
1.9525E-01
1.9539E-01
1.9557E-01
1.9571E-01
1.9588E-01
1.9603E-01
1.9618E-01
1.9633E-01
1.9647E-01
1.9658E-01
1.9671E-01
1.9679E-01
1.9688E-01
1.9694E-01
1.9704E-01
1.9704E-01
1.9707E-01
1.9705E-01
1.9705E-01
1.9699E-01
1.9694E-01
1.9685E-01
1.9672E-01
1.9661E-01
1.9647E-01
1.9630E-01
1.9612E-01
1.9593E-01
1.9574E-01
1.9555E-01
1.9538E-01
1.9516E-01
1.9497E-01
1.9478E-01
1.9460E-01
1.9441E-01
1.9426E-01
1.9408E-01
1.9392E-01
1.9380E-01
1.9370E-01
1.9359E-01
1.9351E-01
1.9343E-01
1.9337E-01
1.9334E-01
1.9334E-01
1.9331E-01
1.9331E-01
1.9334E-01
1.9339E-01
1.9342E-01
1.9348E-01
1.9353E-01
1.9358E-01
1.9366E-01
1.9375E-01
1.9381E-01
1.9389E-01
1.9396E-01
1.9400E-01
1.9405E-01
1.9413E-01
1.9415E-01
1.9418E-01
1.9421E-01
1.9426E-01
1.9426E-01
1.9429E-01
1.9427E-01
1.9427E-01
1.9427E-01
1.9429E-01
1.9427E-01
1.9427E-01
1.9426E-01
1.9424E-01
1.9421E-01
1.9422E-01
1.9419E-01
1.9419E-01
1.9419E-01
1.9421E-01
1.9422E-01
1.9426E-01
1.9427E-01
1.9432E-01
1.9438E-01
1.9446E-01
1.9452E-01
1.9462E-01
1.9471E-01
1.9483E-01
1.9494E-01
1.9508E-01
1.9520E-01
1.9536E-01
1.9554E-01
1.9573E-01
1.9592E-01
1.9614E-01
1.9634E-01
1.9658E-01
1.9685E-01
1.9715E-01
1.9743E-01
1.9777E-01
1.9808E-01
1.9843E-01
1.9879E-01
1.9920E-01
1.9958E-01
2.0001E-01
2.0045E-01
2.0093E-01
2.0139E-01
2.0188E-01
2.0237E-01
2.0287E-01
2.0341E-01
2.0395E-01
2.0447E-01
2.0501E-01
2.0553E-01
2.0605E-01
2.0655E-01
2.0709E-01
2.0755E-01
2.0802E-01
2.0847E-01
2.0889E-01
2.0927E-01
2.0965E-01
2.0997E-01
2.1024E-01
2.1049E-01
2.1070E-01
2.1085E-01
2.1096E-01
2.1101E-01
2.1103E-01
2.1098E-01
2.1092E-01
2.1076E-01
2.1057E-01
2.1033E-01
2.1005E-01
2.0970E-01
2.0932E-01
2.0888E-01
2.0839E-01
2.0788E-01
2.0733E-01
2.0671E-01
2.0610E-01
2.0543E-01
2.0474E-01
2.0401E-01
2.0330E-01
2.0252E-01
2.0175E-01
2.0097E-01
2.0018E-01
1.9936E-01
1.9857E-01
1.9775E-01
1.9694E-01
1.9615E-01
1.9538E-01
1.9459E-01
1.9386E-01
1.9312E-01
1.9242E-01
1.9174E-01
1.9111E-01
1.9048E-01
1.8991E-01
1.8937E-01
1.8888E-01
1.8841E-01
1.8801E-01
1.8762E-01
1.8727E-01
1.8700E-01
1.8676E-01
1.8654E-01
1.8640E-01
1.8626E-01
1.8618E-01
1.8613E-01
1.8615E-01
1.8613E-01
1.8619E-01
1.8627E-01
1.8638E-01
1.8648E-01
1.8662E-01
1.8676E-01
1.8691E-01
1.8708E-01
1.8727E-01
1.8743E-01
1.8762E-01
1.8777E-01
1.8795E-01
1.8811E-01
1.8830E-01
1.8841E-01
1.8857E-01
1.8869E-01
1.8883E-01
1.8894E-01
1.8907E-01
1.8915E-01
1.8924E-01
1.8934E-01
1.8945E-01
1.8953E-01
1.8962E-01
1.8969E-01
1.8978E-01
1.8986E-01
1.8999E-01
1.9005E-01
1.9016E-01
1.9026E-01
1.9038E-01
1.9048E-01
1.9060E-01
1.9070E-01
1.9081E-01
1.9094E-01
1.9108E-01
1.9119E-01
1.9133E-01
1.9144E-01
1.9157E-01
1.9170E-01
1.9184E-01
1.9193E-01
1.9207E-01
1.9219E-01
1.9233E-01
1.9244E-01
1.9258E-01
1.9269E-01
1.9280E-01
1.9294E-01
1.9307E-01
1.9320E-01
1.9334E-01
1.9347E-01
1.9361E-01
1.9375E-01
1.9394E-01
1.9407E-01
1.9426E-01
1.9445E-01
1.9467E-01
1.9487E-01
1.9511E-01
1.9533E-01
1.9557E-01
1.9581E-01
1.9606E-01
1.9628E-01
1.9653E-01
1.9675E-01
1.9699E-01
1.9721E-01
1.9743E-01
1.9761E-01
1.9781E-01
1.9797E-01
1.9814E-01
1.9829E-01
1.9841E-01
1.9851E-01
1.9857E-01
1.9863E-01
1.9867E-01
1.9865E-01
1.9863E-01
1.9857E-01
1.9851E-01
1.9840E-01
1.9832E-01
1.9818E-01
1.9803E-01
1.9788E-01
1.9773E-01
1.9754E-01
1.9739E-01
1.9720E-01
1.9702E-01
1.9685E-01
1.9667E-01
1.9650E-01
1.9634E-01
1.9617E-01
1.9603E-01
1.9588E-01
1.9579E-01
1.9565E-01
1.9554E-01
1.9544E-01
1.9536E-01
1.9525E-01
1.9519E-01
1.9509E-01
1.9503E-01
1.9497E-01
1.9494E-01
1.9487E-01
1.9484E-01
1.9479E-01
1.9476E-01
1.9473E-01
1.9473E-01
1.9470E-01
1.9470E-01
1.9468E-01
1.9470E-01
1.9468E-01
1.9470E-01
1.9470E-01
1.9471E-01
1.9476E-01
1.9484E-01
1.9489E-01
1.9498E-01
1.9506E-01
1.9517E-01
1.9530E-01
1.9547E-01
