1.72E-03
1.74E-03
1.76E-03
1.78E-03
1.78E-03
1.78E-03
1.77E-03
1.76E-03
1.74E-03
1.73E-03
1.71E-03
1.68E-03
1.64E-03
1.61E-03
1.57E-03
1.54E-03
1.48E-03
1.44E-03
1.39E-03
1.34E-03
1.26E-03
1.20E-03
1.13E-03
1.06E-03
9.8E-04
9.0E-04
8.1E-04
7.3E-04
6.4E-04
5.4E-04
4.4E-04
3.5E-04
2.4E-04
1.3E-04
3E-05
-7E-05
-1.7E-04
-2.7E-04
-3.7E-04
-4.6E-04
-5.4E-04
-6.2E-04
-6.9E-04
-7.4E-04
-8.0E-04
-8.4E-04
-8.8E-04
-8.9E-04
-9.1E-04
-9.1E-04
-9.0E-04
-8.7E-04
-8.4E-04
-7.9E-04
-7.4E-04
-6.8E-04
-6.1E-04
-5.2E-04
-4.4E-04
-3.4E-04
-2.5E-04
-1.5E-04
-6E-05
4E-05
1.2E-04
2.3E-04
3.1E-04
4.0E-04
4.8E-04
5.6E-04
6.3E-04
6.8E-04
7.4E-04
7.9E-04
8.2E-04
8.5E-04
8.6E-04
8.7E-04
8.6E-04
8.6E-04
8.3E-04
8.1E-04
7.8E-04
7.4E-04
6.9E-04
6.4E-04
5.8E-04
5.0E-04
4.3E-04
3.6E-04
2.8E-04
2.0E-04
1.0E-04
1E-05
-9E-05
-1.8E-04
-3.0E-04
-4.0E-04
-5.1E-04
-6.3E-04
-7.4E-04
-8.5E-04
-9.8E-04
-1.10E-03
-1.21E-03
-1.33E-03
-1.45E-03
-1.56E-03
-1.68E-03
-1.80E-03
-1.92E-03
-2.01E-03
-2.14E-03
-2.23E-03
-2.32E-03
-2.41E-03
-2.50E-03
-2.57E-03
-2.64E-03
-2.70E-03
-2.74E-03
-2.78E-03
-2.83E-03
-2.84E-03
-2.86E-03
-2.86E-03
-2.86E-03
-2.83E-03
-2.82E-03
-2.77E-03
-2.73E-03
-2.68E-03
-2.63E-03
-2.56E-03
-2.50E-03
-2.42E-03
-2.35E-03
-2.27E-03
-2.21E-03
-2.13E-03
-2.06E-03
-1.99E-03
-1.93E-03
-1.87E-03
-1.83E-03
-1.78E-03
-1.74E-03
-1.70E-03
-1.68E-03
-1.66E-03
-1.65E-03
-1.66E-03
-1.67E-03
-1.70E-03
-1.74E-03
-1.78E-03
-1.83E-03
-1.89E-03
-1.96E-03
-2.02E-03
-2.12E-03
-2.20E-03
-2.30E-03
-2.39E-03
-2.50E-03
-2.60E-03
-2.72E-03
-2.84E-03
-2.95E-03
-3.05E-03
-3.17E-03
-3.29E-03
-3.40E-03
-3.50E-03
-3.61E-03
-3.69E-03
-3.79E-03
-3.87E-03
-3.96E-03
-4.03E-03
-4.09E-03
-4.15E-03
-4.20E-03
-4.25E-03
-4.28E-03
-4.30E-03
-4.34E-03
-4.35E-03
-4.36E-03
-4.35E-03
-4.34E-03
-4.29E-03
-4.27E-03
-4.24E-03
-4.20E-03
-4.15E-03
-4.10E-03
-4.04E-03
-3.99E-03
-3.92E-03
-3.85E-03
-3.78E-03
-3.72E-03
-3.65E-03
-3.58E-03
-3.50E-03
-3.43E-03
-3.34E-03
-3.27E-03
-3.18E-03
-3.09E-03
-3.00E-03
-2.92E-03
-2.83E-03
-2.73E-03
-2.63E-03
-2.53E-03
-2.42E-03
-2.31E-03
-2.20E-03
-2.09E-03
-1.95E-03
-1.83E-03
-1.68E-03
-1.55E-03
-1.41E-03
-1.26E-03
-1.12E-03
-9.8E-04
-8.2E-04
-6.9E-04
-5.5E-04
-4.2E-04
-2.9E-04
-1.6E-04
-5E-05
5E-05
1.4E-04
2.3E-04
3.1E-04
3.5E-04
4.0E-04
4.2E-04
4.4E-04
4.4E-04
4.3E-04
3.9E-04
3.5E-04
3.0E-04
2.5E-04
1.6E-04
9E-05
0.0E+00
-8E-05
-1.7E-04
-2.6E-04
-3.6E-04
-4.4E-04
-5.2E-04
-6.0E-04
-6.7E-04
-7.3E-04
-7.9E-04
-8.3E-04
-8.6E-04
-8.7E-04
-8.8E-04
-8.7E-04
-8.6E-04
-8.3E-04
-7.9E-04
-7.3E-04
-6.7E-04
-6.0E-04
-5.0E-04
-4.1E-04
-3.1E-04
-1.9E-04
-8E-05
4E-05
1.8E-04
3.2E-04
4.5E-04
6.1E-04
7.5E-04
9.0E-04
1.06E-03
1.23E-03
1.38E-03
1.55E-03
1.72E-03
1.88E-03
2.03E-03
2.21E-03
2.36E-03
2.53E-03
2.69E-03
2.86E-03
3.00E-03
3.15E-03
3.30E-03
3.43E-03
3.57E-03
3.70E-03
3.80E-03
3.90E-03
4.01E-03
4.09E-03
4.16E-03
4.22E-03
4.26E-03
4.31E-03
4.34E-03
4.37E-03
4.37E-03
4.38E-03
4.37E-03
4.35E-03
4.32E-03
4.30E-03
4.24E-03
4.20E-03
4.16E-03
4.12E-03
4.06E-03
4.02E-03
3.96E-03
3.92E-03
3.87E-03
3.83E-03
3.79E-03
3.77E-03
3.73E-03
3.70E-03
3.66E-03
3.64E-03
3.61E-03
3.58E-03
3.55E-03
3.52E-03
3.49E-03
3.46E-03
3.42E-03
3.38E-03
3.34E-03
3.31E-03
3.26E-03
3.21E-03
3.14E-03
3.07E-03
3.00E-03
2.93E-03
2.84E-03
2.74E-03
2.65E-03
2.57E-03
2.47E-03
2.36E-03
2.26E-03
2.16E-03
2.06E-03
1.96E-03
1.86E-03
1.77E-03
1.66E-03
1.57E-03
1.47E-03
1.39E-03
1.30E-03
1.21E-03
1.13E-03
1.06E-03
9.8E-04
9.1E-04
8.4E-04
7.8E-04
7.3E-04
6.8E-04
6.3E-04
5.9E-04
5.3E-04
4.9E-04
4.5E-04
4.2E-04
3.7E-04
3.5E-04
3.2E-04
3.1E-04
2.8E-04
2.8E-04
2.6E-04
2.6E-04
2.6E-04
2.7E-04
2.8E-04
2.9E-04
3.0E-04
3.1E-04
3.2E-04
3.3E-04
3.3E-04
3.4E-04
3.4E-04
3.4E-04
3.2E-04
3.1E-04
2.7E-04
2.3E-04
1.9E-04
1.2E-04
4E-05
-4E-05
-1.5E-04
-2.9E-04
-4.2E-04
-5.8E-04
-7.6E-04
-9.3E-04
-1.14E-03
-1.35E-03
-1.57E-03
-1.80E-03
-2.03E-03
-2.28E-03
-2.54E-03
-2.78E-03
-3.04E-03
-3.30E-03
-3.55E-03
-3.80E-03
-4.05E-03
-4.27E-03
-4.51E-03
-4.73E-03
-4.93E-03
-5.12E-03
-5.29E-03
-5.45E-03
-5.59E-03
-5.72E-03
-5.85E-03
-5.95E-03
-6.04E-03
-6.12E-03
-6.20E-03
-6.25E-03
-6.29E-03
-6.32E-03
-6.35E-03
-6.36E-03
-6.37E-03
-6.37E-03
-6.37E-03
-6.35E-03
-6.34E-03
-6.33E-03
-6.31E-03
-6.28E-03
-6.27E-03
-6.24E-03
-6.22E-03
-6.19E-03
-6.16E-03
-6.11E-03
-6.09E-03
-6.06E-03
-6.02E-03
-5.98E-03
-5.94E-03
-5.90E-03
-5.86E-03
-5.82E-03
-5.78E-03
-5.74E-03
-5.72E-03
-5.69E-03
-5.67E-03
-5.65E-03
-5.64E-03
-5.61E-03
-5.62E-03
-5.62E-03
-5.63E-03
-5.65E-03
-5.68E-03
-5.71E-03
-5.77E-03
-5.84E-03
-5.91E-03
-5.99E-03
-6.09E-03
-6.20E-03
-6.31E-03
-6.42E-03
-6.54E-03
-6.65E-03
-6.78E-03
-6.90E-03
-7.03E-03
-7.14E-03
-7.26E-03
-7.37E-03
-7.48E-03
-7.58E-03
-7.68E-03
-7.76E-03
-7.83E-03
-7.89E-03
-7.94E-03
-7.96E-03
-7.97E-03
-7.96E-03
-7.95E-03
-7.92E-03
-7.88E-03
-7.82E-03
-7.77E-03
-7.69E-03
-7.61E-03
-7.52E-03
-7.43E-03
-7.34E-03
-7.24E-03
-7.13E-03
-7.02E-03
-6.89E-03
-6.77E-03
-6.64E-03
-6.51E-03
-6.38E-03
-6.25E-03
-6.10E-03
-5.98E-03
-5.84E-03
-5.70E-03
-5.57E-03
-5.42E-03
-5.27E-03
-5.14E-03
-4.97E-03
-4.82E-03
-4.63E-03
-4.45E-03
-4.24E-03
-4.05E-03
-3.84E-03
-3.63E-03
-3.40E-03
-3.17E-03
-2.94E-03
-2.71E-03
-2.48E-03
-2.23E-03
-1.98E-03
-1.75E-03
-1.50E-03
-1.26E-03
-1.02E-03
-7.8E-04
-5.3E-04
-3.2E-04
-9E-05
1.1E-04
3.1E-04
4.8E-04
6.6E-04
8.1E-04
9.6E-04
1.10E-03
1.22E-03
1.34E-03
1.45E-03
1.55E-03
1.64E-03
1.74E-03
1.84E-03
1.92E-03
2.01E-03
2.11E-03
2.20E-03
2.28E-03
2.37E-03
2.47E-03
2.58E-03
2.70E-03
2.84E-03
2.97E-03
3.12E-03
3.28E-03
3.46E-03
3.64E-03
3.85E-03
4.05E-03
4.26E-03
4.49E-03
4.73E-03
4.95E-03
5.19E-03
5.43E-03
5.66E-03
5.92E-03
6.17E-03
6.41E-03
6.67E-03
6.89E-03
7.13E-03
7.36E-03
7.58E-03
7.79E-03
8.00E-03
8.21E-03
8.42E-03
8.59E-03
8.79E-03
8.96E-03
9.13E-03
9.32E-03
9.52E-03
9.70E-03
9.88E-03
1.007E-02
1.024E-02
1.042E-02
1.060E-02
1.078E-02
1.097E-02
1.117E-02
1.137E-02
1.157E-02
1.178E-02
1.199E-02
1.221E-02
1.243E-02
1.268E-02
1.292E-02
1.316E-02
1.338E-02
1.359E-02
1.379E-02
1.400E-02
1.417E-02
1.435E-02
1.453E-02
1.469E-02
1.483E-02
1.496E-02
1.507E-02
1.519E-02
1.528E-02
1.538E-02
1.545E-02
1.552E-02
1.554E-02
1.554E-02
1.550E-02
1.545E-02
1.538E-02
1.531E-02
1.522E-02
1.513E-02
1.500E-02
1.488E-02
1.475E-02
1.460E-02
1.447E-02
1.433E-02
1.419E-02
1.405E-02
1.387E-02
1.367E-02
1.345E-02
1.323E-02
1.301E-02
1.279E-02
1.257E-02
1.236E-02
1.215E-02
1.194E-02
1.173E-02
1.154E-02
1.135E-02
1.119E-02
1.103E-02
1.086E-02
1.068E-02
1.047E-02
1.025E-02
1.004E-02
9.82E-03
9.63E-03
9.44E-03
9.27E-03
9.10E-03
8.95E-03
8.80E-03
8.65E-03
8.53E-03
8.43E-03
8.31E-03
8.21E-03
8.06E-03
7.88E-03
7.69E-03
7.48E-03
7.25E-03
7.05E-03
6.83E-03
6.62E-03
6.39E-03
6.18E-03
5.93E-03
5.68E-03
5.43E-03
5.16E-03
4.89E-03
4.58E-03
4.22E-03
3.79E-03
3.34E-03
2.85E-03
2.33E-03
1.81E-03
1.26E-03
7.2E-04
1.6E-04
-3.9E-04
-9.9E-04
-1.58E-03
-2.19E-03
-2.78E-03
-3.39E-03
-4.03E-03
-4.72E-03
-5.45E-03
-6.22E-03
-6.99E-03
-7.78E-03
-8.56E-03
-9.33E-03
-1.009E-02
-1.084E-02
-1.156E-02
-1.230E-02
-1.304E-02
-1.376E-02
-1.446E-02
-1.515E-02
-1.585E-02
-1.660E-02
-1.740E-02
-1.821E-02
-1.902E-02
-1.984E-02
-2.064E-02
-2.142E-02
-2.218E-02
-2.292E-02
-2.363E-02
-2.436E-02
-2.508E-02
-2.579E-02
-2.649E-02
-2.717E-02
-2.788E-02
-2.863E-02
-2.942E-02
-3.024E-02
-3.106E-02
-3.190E-02
-3.273E-02
-3.353E-02
-3.431E-02
-3.507E-02
-3.581E-02
-3.657E-02
-3.733E-02
-3.808E-02
-3.883E-02
-3.957E-02
-4.034E-02
-4.117E-02
-4.205E-02
-4.295E-02
-4.388E-02
-4.482E-02
-4.574E-02
-4.667E-02
-4.756E-02
-4.844E-02
-4.929E-02
-5.016E-02
-5.105E-02
-5.194E-02
-5.281E-02
-5.369E-02
-5.460E-02
-5.556E-02
-5.657E-02
-5.761E-02
-5.868E-02
-5.976E-02
-6.082E-02
-6.187E-02
-6.289E-02
-6.389E-02
-6.487E-02
-6.586E-02
-6.687E-02
-6.788E-02
-6.888E-02
-6.989E-02
-7.093E-02
-7.202E-02
-7.316E-02
-7.433E-02
-7.553E-02
-7.673E-02
-7.794E-02
-7.913E-02
-8.028E-02
-8.140E-02
-8.250E-02
-8.362E-02
-8.476E-02
-8.589E-02
-8.703E-02
-8.815E-02
-8.929E-02
-9.048E-02
-9.170E-02
-9.295E-02
-9.420E-02
-9.544E-02
-9.667E-02
-9.786E-02
-9.900E-02
-1.0008E-01
-1.0113E-01
-1.0218E-01
-1.0321E-01
-1.0424E-01
-1.0525E-01
-1.0622E-01
-1.0722E-01
-1.0823E-01
-1.0926E-01
-1.1031E-01
-1.1137E-01
-1.1241E-01
-1.1342E-01
-1.1440E-01
-1.1534E-01
-1.1622E-01
-1.1707E-01
-1.1794E-01
-1.1882E-01
-1.1970E-01
-1.2059E-01
-1.2146E-01
-1.2237E-01
-1.2330E-01
-1.2428E-01
-1.2527E-01
-1.2631E-01
-1.2734E-01
-1.2836E-01
-1.2937E-01
-1.3034E-01
-1.3126E-01
-1.3218E-01
-1.3310E-01
-1.3405E-01
-1.3500E-01
-1.3596E-01
-1.3690E-01
-1.3788E-01
-1.3887E-01
-1.3988E-01
-1.4091E-01
-1.4196E-01
-1.4299E-01
-1.4401E-01
-1.4500E-01
-1.4595E-01
-1.4684E-01
-1.4771E-01
-1.4860E-01
-1.4949E-01
-1.5039E-01
-1.5129E-01
-1.5217E-01
-1.5309E-01
-1.5400E-01
-1.5495E-01
-1.5589E-01
-1.5687E-01
-1.5783E-01
-1.5878E-01
-1.5971E-01
-1.6060E-01
-1.6144E-01
-1.6226E-01
-1.6310E-01
-1.6394E-01
-1.6479E-01
-1.6564E-01
-1.6648E-01
-1.6733E-01
-1.6817E-01
-1.6901E-01
-1.6986E-01
-1.7070E-01
-1.7152E-01
-1.7232E-01
-1.7308E-01
-1.7379E-01
-1.7444E-01
-1.7505E-01
-1.7564E-01
-1.7625E-01
-1.7684E-01
-1.7743E-01
-1.7798E-01
-1.7855E-01
-1.7908E-01
-1.7961E-01
-1.8012E-01
-1.8065E-01
-1.8113E-01
-1.8161E-01
-1.8205E-01
-1.8246E-01
-1.8281E-01
-1.8315E-01
-1.8348E-01
-1.8382E-01
-1.8418E-01
-1.8455E-01
-1.8490E-01
-1.8526E-01
-1.8561E-01
-1.8595E-01
-1.8628E-01
-1.8662E-01
-1.8694E-01
-1.8726E-01
-1.8757E-01
-1.8785E-01
-1.8807E-01
-1.8830E-01
-1.8852E-01
-1.8874E-01
-1.8898E-01
-1.8924E-01
-1.8947E-01
-1.8972E-01
-1.8993E-01
-1.9013E-01
-1.9031E-01
-1.9051E-01
-1.9068E-01
-1.9086E-01
-1.9101E-01
-1.9115E-01
-1.9124E-01
-1.9133E-01
-1.9141E-01
-1.9151E-01
-1.9161E-01
-1.9173E-01
-1.9184E-01
-1.9195E-01
-1.9201E-01
-1.9206E-01
-1.9208E-01
-1.9210E-01
-1.9210E-01
-1.9210E-01
-1.9208E-01
-1.9203E-01
-1.9194E-01
-1.9185E-01
-1.9172E-01
-1.9161E-01
-1.9150E-01
-1.9139E-01
-1.9127E-01
-1.9113E-01
-1.9093E-01
-1.9070E-01
-1.9043E-01
-1.9015E-01
-1.8985E-01
-1.8954E-01
-1.8923E-01
-1.8888E-01
-1.8851E-01
-1.8814E-01
-1.8774E-01
-1.8736E-01
-1.8699E-01
-1.8663E-01
-1.8626E-01
-1.8589E-01
-1.8547E-01
-1.8500E-01
-1.8453E-01
-1.8405E-01
-1.8354E-01
-1.8305E-01
-1.8256E-01
-1.8206E-01
-1.8155E-01
-1.8105E-01
-1.8053E-01
-1.8002E-01
-1.7952E-01
-1.7903E-01
-1.7853E-01
-1.7803E-01
-1.7745E-01
-1.7683E-01
-1.7620E-01
-1.7554E-01
-1.7486E-01
-1.7419E-01
-1.7352E-01
-1.7284E-01
-1.7215E-01
-1.7147E-01
-1.7077E-01
-1.7007E-01
-1.6939E-01
-1.6872E-01
-1.6805E-01
-1.6736E-01
-1.6662E-01
-1.6583E-01
-1.6502E-01
-1.6420E-01
-1.6337E-01
-1.6256E-01
-1.6176E-01
-1.6098E-01
-1.6021E-01
-1.5947E-01
-1.5871E-01
-1.5796E-01
-1.5722E-01
-1.5650E-01
-1.5579E-01
-1.5506E-01
-1.5428E-01
-1.5344E-01
-1.5258E-01
-1.5171E-01
-1.5082E-01
-1.4994E-01
-1.4907E-01
-1.4823E-01
-1.4738E-01
-1.4655E-01
-1.4570E-01
-1.4485E-01
-1.4398E-01
-1.4314E-01
-1.4229E-01
-1.4141E-01
-1.4045E-01
-1.3944E-01
-1.3839E-01
-1.3733E-01
-1.3624E-01
-1.3516E-01
-1.3409E-01
-1.3304E-01
-1.3201E-01
-1.3100E-01
-1.2997E-01
-1.2893E-01
-1.2789E-01
-1.2688E-01
-1.2586E-01
-1.2481E-01
-1.2371E-01
-1.2255E-01
-1.2137E-01
-1.2017E-01
-1.1896E-01
-1.1777E-01
-1.1660E-01
-1.1547E-01
-1.1437E-01
-1.1329E-01
-1.1220E-01
-1.1111E-01
-1.1003E-01
-1.0895E-01
-1.0789E-01
-1.0680E-01
-1.0566E-01
-1.0446E-01
-1.0324E-01
-1.0200E-01
-1.0076E-01
-9.954E-02
-9.834E-02
-9.719E-02
-9.607E-02
-9.499E-02
-9.388E-02
-9.278E-02
-9.168E-02
-9.058E-02
-8.952E-02
-8.841E-02
-8.727E-02
-8.606E-02
-8.484E-02
-8.361E-02
-8.238E-02
-8.116E-02
-7.997E-02
-7.883E-02
-7.774E-02
-7.667E-02
-7.559E-02
-7.451E-02
-7.344E-02
-7.236E-02
-7.131E-02
-7.022E-02
-6.910E-02
-6.793E-02
-6.674E-02
-6.552E-02
-6.431E-02
-6.312E-02
-6.196E-02
-6.084E-02
-5.977E-02
-5.873E-02
-5.768E-02
-5.662E-02
-5.555E-02
-5.448E-02
-5.343E-02
-5.235E-02
-5.123E-02
-5.007E-02
-4.889E-02
-4.768E-02
-4.646E-02
-4.527E-02
-4.411E-02
-4.299E-02
-4.192E-02
-4.087E-02
-3.982E-02
-3.875E-02
-3.767E-02
-3.659E-02
-3.553E-02
-3.444E-02
-3.331E-02
-3.215E-02
-3.097E-02
-2.977E-02
-2.856E-02
-2.738E-02
-2.622E-02
-2.512E-02
-2.406E-02
-2.304E-02
-2.200E-02
-2.094E-02
-1.988E-02
-1.882E-02
-1.779E-02
-1.671E-02
-1.562E-02
-1.450E-02
-1.337E-02
-1.222E-02
-1.108E-02
-9.96E-03
-8.87E-03
-7.83E-03
-6.85E-03
-5.91E-03
-4.95E-03
-4.00E-03
-3.04E-03
-2.08E-03
-1.15E-03
-2.1E-04
7.5E-04
1.72E-03
2.67E-03
3.65E-03
4.59E-03
5.52E-03
6.41E-03
7.24E-03
8.00E-03
8.73E-03
9.45E-03
1.018E-02
1.091E-02
1.164E-02
1.234E-02
1.306E-02
1.377E-02
1.450E-02
1.523E-02
1.597E-02
1.669E-02
1.740E-02
1.808E-02
1.872E-02
1.930E-02
1.986E-02
2.044E-02
2.101E-02
2.162E-02
2.223E-02
2.281E-02
2.342E-02
2.403E-02
2.465E-02
2.528E-02
2.591E-02
2.653E-02
2.715E-02
2.773E-02
2.828E-02
2.876E-02
2.923E-02
2.970E-02
3.017E-02
3.065E-02
3.113E-02
3.160E-02
3.207E-02
3.252E-02
3.297E-02
3.341E-02
3.388E-02
3.431E-02
3.473E-02
3.513E-02
3.549E-02
3.581E-02
3.611E-02
3.641E-02
3.671E-02
3.704E-02
3.738E-02
3.771E-02
3.805E-02
3.838E-02
3.871E-02
3.904E-02
3.938E-02
3.970E-02
4.003E-02
4.035E-02
4.063E-02
4.086E-02
4.110E-02
4.132E-02
4.155E-02
4.179E-02
4.203E-02
4.225E-02
4.247E-02
4.265E-02
4.282E-02
4.296E-02
4.310E-02
4.321E-02
4.329E-02
4.335E-02
4.336E-02
4.331E-02
4.325E-02
4.316E-02
4.306E-02
4.296E-02
4.286E-02
4.272E-02
4.258E-02
4.241E-02
4.220E-02
4.198E-02
4.177E-02
4.153E-02
4.129E-02
4.103E-02
4.075E-02
4.044E-02
4.015E-02
3.984E-02
3.954E-02
3.926E-02
3.900E-02
3.874E-02
3.848E-02
3.821E-02
3.794E-02
3.766E-02
3.740E-02
3.712E-02
3.686E-02
3.660E-02
3.633E-02
3.605E-02
3.578E-02
3.549E-02
3.522E-02
3.497E-02
3.472E-02
3.446E-02
3.421E-02
3.393E-02
3.363E-02
3.332E-02
3.302E-02
3.270E-02
3.239E-02
3.206E-02
3.173E-02
3.137E-02
3.103E-02
3.066E-02
3.031E-02
2.995E-02
2.961E-02
2.925E-02
2.889E-02
2.850E-02
2.811E-02
2.770E-02
2.730E-02
2.687E-02
2.646E-02
2.604E-02
2.563E-02
2.519E-02
2.477E-02
2.434E-02
2.390E-02
2.348E-02
2.305E-02
2.261E-02
2.216E-02
2.169E-02
2.120E-02
2.069E-02
2.020E-02
1.967E-02
1.914E-02
1.861E-02
1.808E-02
1.754E-02
1.701E-02
1.644E-02
1.588E-02
1.531E-02
1.473E-02
1.415E-02
1.356E-02
1.295E-02
1.232E-02
1.168E-02
1.106E-02
1.040E-02
9.76E-03
9.12E-03
8.51E-03
7.89E-03
7.30E-03
6.69E-03
6.09E-03
5.51E-03
4.93E-03
4.37E-03
3.80E-03
3.25E-03
2.70E-03
2.16E-03
1.64E-03
1.12E-03
6.3E-04
1.4E-04
-3.0E-04
-7.3E-04
-1.12E-03
-1.52E-03
-1.91E-03
-2.29E-03
-2.66E-03
-3.03E-03
-3.39E-03
-3.75E-03
-4.10E-03
-4.46E-03
-4.80E-03
-5.16E-03
-5.50E-03
-5.84E-03
-6.15E-03
-6.47E-03
-6.77E-03
-7.09E-03
-7.41E-03
-7.74E-03
-8.07E-03
-8.41E-03
-8.75E-03
-9.10E-03
-9.44E-03
-9.79E-03
-1.013E-02
-1.048E-02
-1.082E-02
-1.115E-02
-1.146E-02
-1.175E-02
-1.203E-02
-1.231E-02
-1.259E-02
-1.286E-02
-1.312E-02
-1.339E-02
-1.363E-02
-1.387E-02
-1.409E-02
-1.428E-02
-1.446E-02
-1.465E-02
-1.481E-02
-1.495E-02
-1.506E-02
-1.517E-02
-1.524E-02
-1.532E-02
-1.539E-02
-1.546E-02
-1.553E-02
-1.560E-02
-1.566E-02
-1.571E-02
-1.575E-02
-1.578E-02
-1.580E-02
-1.584E-02
-1.587E-02
-1.591E-02
-1.592E-02
-1.593E-02
-1.593E-02
-1.595E-02
-1.598E-02
-1.601E-02
-1.606E-02
-1.611E-02
-1.616E-02
-1.621E-02
-1.625E-02
-1.629E-02
-1.631E-02
-1.635E-02
-1.637E-02
-1.639E-02
-1.639E-02
-1.639E-02
-1.637E-02
-1.635E-02
-1.633E-02
-1.630E-02
-1.627E-02
-1.622E-02
-1.616E-02
-1.608E-02
-1.596E-02
-1.582E-02
-1.565E-02
-1.548E-02
-1.529E-02
-1.507E-02
-1.483E-02
-1.456E-02
-1.427E-02
-1.397E-02
-1.367E-02
-1.334E-02
-1.300E-02
-1.266E-02
-1.229E-02
-1.191E-02
-1.149E-02
-1.107E-02
-1.061E-02
-1.018E-02
-9.72E-03
-9.27E-03
-8.80E-03
-8.33E-03
-7.86E-03
-7.39E-03
-6.93E-03
-6.46E-03
-6.00E-03
-5.56E-03
-5.10E-03
-4.64E-03
-4.18E-03
-3.72E-03
-3.25E-03
-2.79E-03
-2.33E-03
-1.88E-03
-1.43E-03
-1.00E-03
-5.4E-04
-1.1E-04
3.2E-04
7.5E-04
1.19E-03
1.61E-03
2.06E-03
2.49E-03
2.94E-03
3.38E-03
3.84E-03
4.29E-03
4.74E-03
5.19E-03
5.64E-03
6.08E-03
6.54E-03
6.97E-03
7.42E-03
7.86E-03
8.32E-03
8.77E-03
9.23E-03
9.68E-03
1.013E-02
1.059E-02
1.107E-02
1.152E-02
1.198E-02
1.245E-02
1.292E-02
1.337E-02
1.383E-02
1.429E-02
1.477E-02
1.526E-02
1.576E-02
1.626E-02
1.678E-02
1.728E-02
1.780E-02
1.831E-02
1.884E-02
1.937E-02
1.990E-02
2.044E-02
2.097E-02
2.150E-02
2.203E-02
2.256E-02
2.310E-02
2.364E-02
2.420E-02
2.474E-02
2.530E-02
2.581E-02
2.631E-02
2.679E-02
2.727E-02
2.772E-02
2.817E-02
2.861E-02
2.903E-02
2.941E-02
2.978E-02
3.013E-02
3.047E-02
3.081E-02
3.114E-02
3.146E-02
3.177E-02
3.202E-02
3.223E-02
3.243E-02
3.261E-02
3.277E-02
3.292E-02
3.306E-02
3.318E-02
3.328E-02
3.337E-02
3.346E-02
3.355E-02
3.364E-02
3.375E-02
3.385E-02
3.395E-02
3.400E-02
3.401E-02
3.401E-02
3.400E-02
3.398E-02
3.396E-02
3.394E-02
3.390E-02
3.384E-02
3.378E-02
3.371E-02
3.364E-02
3.358E-02
3.353E-02
3.346E-02
3.336E-02
3.322E-02
3.302E-02
3.279E-02
3.254E-02
3.225E-02
3.198E-02
3.168E-02
3.136E-02
3.102E-02
3.068E-02
3.031E-02
2.995E-02
2.958E-02
2.922E-02
2.886E-02
2.847E-02
2.802E-02
2.752E-02
2.698E-02
2.644E-02
2.587E-02
2.532E-02
2.475E-02
2.420E-02
2.364E-02
2.310E-02
2.253E-02
2.198E-02
2.144E-02
2.094E-02
2.043E-02
1.990E-02
1.933E-02
1.869E-02
1.803E-02
1.737E-02
1.669E-02
1.602E-02
1.536E-02
1.471E-02
1.407E-02
1.344E-02
1.279E-02
1.215E-02
1.151E-02
1.089E-02
1.028E-02
9.63E-03
8.91E-03
8.13E-03
7.30E-03
6.44E-03
5.56E-03
4.69E-03
3.80E-03
2.93E-03
2.03E-03
1.15E-03
2.3E-04
-7.2E-04
-1.66E-03
-2.62E-03
-3.59E-03
-4.60E-03
-5.70E-03
-6.89E-03
-8.15E-03
-9.43E-03
-1.076E-02
-1.208E-02
-1.342E-02
-1.474E-02
-1.607E-02
-1.739E-02
-1.873E-02
-2.009E-02
-2.144E-02
-2.279E-02
-2.413E-02
-2.550E-02
-2.694E-02
-2.844E-02
-2.996E-02
-3.150E-02
-3.304E-02
-3.454E-02
-3.601E-02
-3.744E-02
-3.883E-02
-4.016E-02
-4.150E-02
-4.283E-02
-4.413E-02
-4.540E-02
-4.664E-02
-4.789E-02
-4.921E-02
-5.057E-02
-5.195E-02
-5.335E-02
-5.476E-02
-5.612E-02
-5.748E-02
-5.878E-02
-6.006E-02
-6.129E-02
-6.256E-02
-6.385E-02
-6.512E-02
-6.641E-02
-6.768E-02
-6.900E-02
-7.038E-02
-7.184E-02
-7.334E-02
-7.487E-02
-7.643E-02
-7.795E-02
-7.946E-02
-8.092E-02
-8.233E-02
-8.371E-02
-8.512E-02
-8.653E-02
-8.793E-02
-8.933E-02
-9.070E-02
-9.210E-02
-9.354E-02
-9.504E-02
-9.655E-02
-9.810E-02
-9.962E-02
-1.0111E-01
-1.0258E-01
-1.0397E-01
-1.0532E-01
-1.0662E-01
-1.0795E-01
-1.0929E-01
-1.1062E-01
-1.1197E-01
-1.1328E-01
-1.1465E-01
-1.1608E-01
-1.1756E-01
-1.1908E-01
-1.2064E-01
-1.2221E-01
-1.2377E-01
-1.2532E-01
-1.2683E-01
-1.2827E-01
-1.2971E-01
-1.3118E-01
-1.3267E-01
-1.3417E-01
-1.3569E-01
-1.3718E-01
-1.3872E-01
-1.4031E-01
-1.4193E-01
-1.4356E-01
-1.4523E-01
-1.4688E-01
-1.4851E-01
-1.5008E-01
-1.5159E-01
-1.5301E-01
-1.5439E-01
-1.5576E-01
-1.5714E-01
-1.5849E-01
-1.5984E-01
-1.6113E-01
-1.6245E-01
-1.6376E-01
-1.6510E-01
-1.6643E-01
-1.6777E-01
-1.6908E-01
-1.7035E-01
-1.7157E-01
-1.7272E-01
-1.7378E-01
-1.7481E-01
-1.7584E-01
-1.7686E-01
-1.7790E-01
-1.7894E-01
-1.7995E-01
-1.8099E-01
-1.8203E-01
-1.8311E-01
-1.8420E-01
-1.8532E-01
-1.8642E-01
-1.8751E-01
-1.8857E-01
-1.8956E-01
-1.9049E-01
-1.9139E-01
-1.9230E-01
-1.9322E-01
-1.9417E-01
-1.9510E-01
-1.9603E-01
-1.9697E-01
-1.9792E-01
-1.9889E-01
-1.9987E-01
-2.0087E-01
-2.0184E-01
-2.0280E-01
-2.0372E-01
-2.0458E-01
-2.0537E-01
-2.0612E-01
-2.0688E-01
-2.0764E-01
-2.0842E-01
-2.0920E-01
-2.0995E-01
-2.1072E-01
-2.1149E-01
-2.1227E-01
-2.1306E-01
-2.1388E-01
-2.1466E-01
-2.1543E-01
-2.1617E-01
-2.1685E-01
-2.1746E-01
-2.1806E-01
-2.1864E-01
-2.1925E-01
-2.1987E-01
-2.2047E-01
-2.2106E-01
-2.2166E-01
-2.2226E-01
-2.2286E-01
-2.2345E-01
-2.2406E-01
-2.2463E-01
-2.2519E-01
-2.2570E-01
-2.2615E-01
-2.2653E-01
-2.2688E-01
-2.2721E-01
-2.2754E-01
-2.2787E-01
-2.2819E-01
-2.2848E-01
-2.2876E-01
-2.2903E-01
-2.2930E-01
-2.2955E-01
-2.2980E-01
-2.3001E-01
-2.3021E-01
-2.3038E-01
-2.3048E-01
-2.3052E-01
-2.3054E-01
-2.3054E-01
-2.3056E-01
-2.3058E-01
-2.3060E-01
-2.3059E-01
-2.3061E-01
-2.3061E-01
-2.3062E-01
-2.3063E-01
-2.3067E-01
-2.3067E-01
-2.3068E-01
-2.3067E-01
-2.3061E-01
-2.3052E-01
-2.3043E-01
-2.3033E-01
-2.3024E-01
-2.3017E-01
-2.3011E-01
-2.3004E-01
-2.2998E-01
-2.2993E-01
-2.2987E-01
-2.2983E-01
-2.2982E-01
-2.2977E-01
-2.2974E-01
-2.2968E-01
-2.2961E-01
-2.2947E-01
-2.2935E-01
-2.2922E-01
-2.2909E-01
-2.2898E-01
-2.2886E-01
-2.2872E-01
-2.2860E-01
-2.2848E-01
-2.2836E-01
-2.2825E-01
-2.2816E-01
-2.2803E-01
-2.2792E-01
-2.2780E-01
-2.2765E-01
-2.2747E-01
-2.2728E-01
-2.2709E-01
-2.2691E-01
-2.2675E-01
-2.2658E-01
-2.2640E-01
-2.2624E-01
-2.2608E-01
-2.2596E-01
-2.2584E-01
-2.2574E-01
-2.2562E-01
-2.2553E-01
-2.2541E-01
-2.2529E-01
-2.2515E-01
-2.2501E-01
-2.2487E-01
-2.2474E-01
-2.2460E-01
-2.2448E-01
-2.2433E-01
-2.2420E-01
-2.2409E-01
-2.2400E-01
-2.2390E-01
-2.2384E-01
-2.2374E-01
-2.2366E-01
-2.2355E-01
-2.2344E-01
-2.2330E-01
-2.2316E-01
-2.2301E-01
-2.2285E-01
-2.2270E-01
-2.2254E-01
-2.2234E-01
-2.2219E-01
-2.2203E-01
-2.2191E-01
-2.2181E-01
-2.2173E-01
-2.2161E-01
-2.2152E-01
-2.2143E-01
-2.2134E-01
-2.2122E-01
-2.2112E-01
-2.2102E-01
-2.2092E-01
-2.2084E-01
-2.2076E-01
-2.2066E-01
-2.2061E-01
-2.2058E-01
-2.2060E-01
-2.2065E-01
-2.2074E-01
-2.2080E-01
-2.2089E-01
-2.2099E-01
-2.2110E-01
-2.2120E-01
-2.2131E-01
-2.2143E-01
-2.2155E-01
-2.2170E-01
-2.2184E-01
-2.2196E-01
-2.2214E-01
-2.2233E-01
-2.2259E-01
-2.2288E-01
-2.2321E-01
-2.2350E-01
-2.2383E-01
-2.2416E-01
-2.2450E-01
-2.2482E-01
-2.2516E-01
-2.2550E-01
-2.2584E-01
-2.2619E-01
-2.2654E-01
-2.2687E-01
-2.2725E-01
-2.2765E-01
-2.2812E-01
-2.2859E-01
-2.2912E-01
-2.2961E-01
-2.3012E-01
-2.3062E-01
-2.3113E-01
-2.3161E-01
-2.3210E-01
-2.3259E-01
-2.3307E-01
-2.3356E-01
-2.3406E-01
-2.3451E-01
-2.3502E-01
-2.3555E-01
-2.3613E-01
-2.3674E-01
-2.3740E-01
-2.3800E-01
-2.3864E-01
-2.3928E-01
-2.3991E-01
-2.4053E-01
-2.4116E-01
-2.4178E-01
-2.4242E-01
-2.4307E-01
-2.4374E-01
-2.4437E-01
-2.4506E-01
-2.4578E-01
-2.4657E-01
-2.4738E-01
-2.4825E-01
-2.4908E-01
-2.4995E-01
-2.5081E-01
-2.5169E-01
-2.5253E-01
-2.5340E-01
-2.5427E-01
-2.5515E-01
-2.5605E-01
-2.5697E-01
-2.5786E-01
-2.5881E-01
-2.5977E-01
-2.6081E-01
-2.6186E-01
-2.6296E-01
-2.6404E-01
-2.6513E-01
-2.6623E-01
-2.6732E-01
-2.6837E-01
-2.6944E-01
-2.7051E-01
-2.7160E-01
-2.7270E-01
-2.7381E-01
-2.7490E-01
-2.7604E-01
-2.7719E-01
-2.7839E-01
-2.7961E-01
-2.8087E-01
-2.8210E-01
-2.8335E-01
-2.8459E-01
-2.8581E-01
-2.8699E-01
-2.8819E-01
-2.8938E-01
-2.9057E-01
-2.9178E-01
-2.9299E-01
-2.9419E-01
-2.9541E-01
-2.9664E-01
-2.9791E-01
-2.9918E-01
-3.0051E-01
-3.0177E-01
-3.0304E-01
-3.0431E-01
-3.0554E-01
-3.0671E-01
-3.0789E-01
-3.0904E-01
-3.1020E-01
-3.1138E-01
-3.1255E-01
-3.1368E-01
-3.1484E-01
-3.1598E-01
-3.1716E-01
-3.1832E-01
-3.1952E-01
-3.2066E-01
-3.2182E-01
-3.2294E-01
-3.2401E-01
-3.2503E-01
-3.2604E-01
-3.2701E-01
-3.2800E-01
-3.2900E-01
-3.2999E-01
-3.3094E-01
-3.3192E-01
-3.3288E-01
-3.3388E-01
-3.3485E-01
-3.3588E-01
-3.3684E-01
-3.3780E-01
-3.3874E-01
-3.3964E-01
-3.4046E-01
-3.4129E-01
-3.4209E-01
-3.4289E-01
-3.4370E-01
-3.4451E-01
-3.4527E-01
-3.4605E-01
-3.4681E-01
-3.4760E-01
-3.4836E-01
-3.4914E-01
-3.4986E-01
-3.5057E-01
-3.5123E-01
-3.5185E-01
-3.5238E-01
-3.5290E-01
-3.5337E-01
-3.5384E-01
-3.5432E-01
-3.5478E-01
-3.5518E-01
-3.5560E-01
-3.5598E-01
-3.5637E-01
-3.5675E-01
-3.5715E-01
-3.5747E-01
-3.5781E-01
-3.5810E-01
-3.5834E-01
-3.5852E-01
-3.5868E-01
-3.5883E-01
-3.5897E-01
-3.5913E-01
-3.5931E-01
-3.5943E-01
-3.5960E-01
-3.5973E-01
-3.5990E-01
-3.6005E-01
-3.6024E-01
-3.6039E-01
-3.6054E-01
-3.6068E-01
-3.6078E-01
-3.6082E-01
-3.6086E-01
-3.6088E-01
-3.6092E-01
-3.6097E-01
-3.6105E-01
-3.6107E-01
-3.6113E-01
-3.6116E-01
-3.6121E-01
-3.6125E-01
-3.6132E-01
-3.6133E-01
-3.6137E-01
-3.6137E-01
-3.6135E-01
-3.6126E-01
-3.6118E-01
-3.6107E-01
-3.6096E-01
-3.6089E-01
-3.6082E-01
-3.6071E-01
-3.6065E-01
-3.6054E-01
-3.6046E-01
-3.6037E-01
-3.6033E-01
-3.6023E-01
-3.6016E-01
-3.6008E-01
-3.6000E-01
-3.5985E-01
-3.5974E-01
-3.5961E-01
-3.5950E-01
-3.5944E-01
-3.5939E-01
-3.5933E-01
-3.5931E-01
-3.5927E-01
-3.5926E-01
-3.5926E-01
-3.5932E-01
-3.5932E-01
-3.5937E-01
-3.5941E-01
-3.5946E-01
-3.5947E-01
-3.5953E-01
-3.5955E-01
-3.5960E-01
-3.5967E-01
-3.5977E-01
-3.5983E-01
-3.5994E-01
-3.6001E-01
-3.6010E-01
-3.6017E-01
-3.6029E-01
-3.6034E-01
-3.6042E-01
-3.6049E-01
-3.6055E-01
-3.6056E-01
-3.6060E-01
-3.6061E-01
-3.6062E-01
-3.6067E-01
-3.6071E-01
-3.6072E-01
-3.6075E-01
-3.6075E-01
-3.6076E-01
-3.6076E-01
-3.6080E-01
-3.6078E-01
-3.6080E-01
-3.6081E-01
-3.6084E-01
-3.6084E-01
-3.6087E-01
-3.6088E-01
-3.6091E-01
-3.6097E-01
-3.6105E-01
-3.6110E-01
-3.6119E-01
-3.6124E-01
-3.6130E-01
-3.6136E-01
-3.6147E-01
-3.6151E-01
-3.6158E-01
-3.6165E-01
-3.6174E-01
-3.6180E-01
-3.6188E-01
-3.6192E-01
-3.6196E-01
-3.6202E-01
-3.6207E-01
-3.6209E-01
-3.6214E-01
-3.6214E-01
-3.6212E-01
-3.6209E-01
-3.6209E-01
-3.6202E-01
-3.6198E-01
-3.6192E-01
-3.6187E-01
-3.6178E-01
-3.6170E-01
-3.6160E-01
-3.6149E-01
-3.6140E-01
-3.6130E-01
-3.6117E-01
-3.6107E-01
-3.6092E-01
-3.6078E-01
-3.6063E-01
-3.6052E-01
-3.6034E-01
-3.6019E-01
-3.6005E-01
-3.5991E-01
-3.5974E-01
-3.5960E-01
-3.5942E-01
-3.5926E-01
-3.5909E-01
-3.5894E-01
-3.5875E-01
-3.5859E-01
-3.5838E-01
-3.5820E-01
-3.5800E-01
-3.5783E-01
-3.5759E-01
-3.5740E-01
-3.5718E-01
-3.5699E-01
-3.5675E-01
-3.5655E-01
-3.5631E-01
-3.5606E-01
-3.5584E-01
-3.5561E-01
-3.5534E-01
-3.5511E-01
-3.5484E-01
-3.5458E-01
-3.5432E-01
-3.5409E-01
-3.5378E-01
-3.5352E-01
-3.5326E-01
-3.5301E-01
-3.5272E-01
-3.5247E-01
-3.5217E-01
-3.5189E-01
-3.5161E-01
-3.5135E-01
-3.5104E-01
-3.5077E-01
-3.5046E-01
-3.5017E-01
-3.4989E-01
-3.4963E-01
-3.4930E-01
-3.4901E-01
-3.4872E-01
-3.4844E-01
-3.4812E-01
-3.4784E-01
-3.4751E-01
-3.4720E-01
-3.4689E-01
-3.4658E-01
-3.4624E-01
-3.4592E-01
-3.4558E-01
-3.4525E-01
-3.4491E-01
-3.4462E-01
-3.4426E-01
-3.4394E-01
-3.4361E-01
-3.4329E-01
-3.4295E-01
-3.4265E-01
-3.4231E-01
-3.4200E-01
-3.4170E-01
-3.4141E-01
-3.4109E-01
-3.4082E-01
-3.4054E-01
-3.4029E-01
-3.4005E-01
-3.3987E-01
-3.3963E-01
-3.3947E-01
-3.3931E-01
-3.3919E-01
-3.3907E-01
-3.3901E-01
-3.3893E-01
-3.3888E-01
-3.3888E-01
-3.3891E-01
-3.3893E-01
-3.3901E-01
-3.3908E-01
-3.3920E-01
-3.3933E-01
-3.3954E-01
-3.3969E-01
-3.3992E-01
-3.4015E-01
-3.4041E-01
-3.4067E-01
-3.4098E-01
-3.4126E-01
-3.4156E-01
-3.4188E-01
-3.4222E-01
-3.4253E-01
-3.4288E-01
-3.4320E-01
-3.4355E-01
-3.4389E-01
-3.4426E-01
-3.4457E-01
-3.4492E-01
-3.4525E-01
-3.4561E-01
-3.4593E-01
-3.4628E-01
-3.4660E-01
-3.4691E-01
-3.4723E-01
-3.4754E-01
-3.4782E-01
-3.4814E-01
-3.4841E-01
-3.4870E-01
-3.4897E-01
-3.4929E-01
-3.4953E-01
-3.4982E-01
-3.5008E-01
-3.5037E-01
-3.5063E-01
-3.5091E-01
-3.5116E-01
-3.5142E-01
-3.5169E-01
-3.5196E-01
-3.5220E-01
-3.5248E-01
-3.5271E-01
-3.5297E-01
-3.5323E-01
-3.5352E-01
-3.5375E-01
-3.5402E-01
-3.5427E-01
-3.5455E-01
-3.5480E-01
-3.5508E-01
-3.5532E-01
-3.5558E-01
-3.5585E-01
-3.5612E-01
-3.5637E-01
-3.5664E-01
-3.5688E-01
-3.5715E-01
-3.5742E-01
-3.5772E-01
-3.5795E-01
-3.5822E-01
-3.5849E-01
-3.5876E-01
-3.5900E-01
-3.5927E-01
-3.5950E-01
-3.5974E-01
-3.6000E-01
-3.6024E-01
-3.6046E-01
-3.6070E-01
-3.6090E-01
-3.6112E-01
-3.6132E-01
-3.6156E-01
-3.6172E-01
-3.6192E-01
-3.6208E-01
-3.6227E-01
-3.6239E-01
-3.6255E-01
-3.6266E-01
-3.6276E-01
-3.6289E-01
-3.6300E-01
-3.6307E-01
-3.6316E-01
-3.6322E-01
-3.6330E-01
-3.6335E-01
-3.6344E-01
-3.6346E-01
-3.6351E-01
-3.6355E-01
-3.6359E-01
-3.6359E-01
-3.6362E-01
-3.6361E-01
-3.6361E-01
-3.6364E-01
-3.6366E-01
-3.6365E-01
-3.6368E-01
-3.6367E-01
-3.6368E-01
-3.6368E-01
-3.6372E-01
-3.6370E-01
-3.6371E-01
-3.6371E-01
-3.6372E-01
-3.6368E-01
-3.6367E-01
-3.6362E-01
-3.6358E-01
-3.6356E-01
-3.6355E-01
-3.6350E-01
-3.6348E-01
-3.6342E-01
-3.6338E-01
-3.6332E-01
-3.6330E-01
-3.6320E-01
-3.6315E-01
-3.6308E-01
-3.6301E-01
-3.6291E-01
-3.6282E-01
-3.6271E-01
-3.6261E-01
-3.6253E-01
-3.6245E-01
-3.6235E-01
-3.6229E-01
-3.6219E-01
-3.6211E-01
-3.6202E-01
-3.6199E-01
-3.6189E-01
-3.6185E-01
-3.6180E-01
-3.6177E-01
-3.6170E-01
-3.6168E-01
-3.6164E-01
-3.6162E-01
-3.6164E-01
-3.6167E-01
-3.6169E-01
-3.6174E-01
-3.6178E-01
-3.6182E-01
-3.6187E-01
-3.6197E-01
-3.6200E-01
-3.6209E-01
-3.6219E-01
-3.6229E-01
-3.6237E-01
-3.6248E-01
-3.6257E-01
-3.6267E-01
-3.6280E-01
-3.6294E-01
-3.6305E-01
-3.6318E-01
-3.6328E-01
-3.6338E-01
-3.6347E-01
-3.6360E-01
-3.6366E-01
-3.6375E-01
-3.6383E-01
-3.6393E-01
-3.6398E-01
-3.6407E-01
-3.6411E-01
-3.6416E-01
-3.6422E-01
-3.6429E-01
-3.6432E-01
-3.6439E-01
-3.6441E-01
-3.6442E-01
-3.6443E-01
-3.6446E-01
-3.6443E-01
-3.6444E-01
-3.6444E-01
-3.6445E-01
-3.6443E-01
-3.6445E-01
-3.6442E-01
-3.6441E-01
-3.6441E-01
-3.6442E-01
-3.6440E-01
-3.6441E-01
-3.6438E-01
-3.6434E-01
-3.6430E-01
-3.6430E-01
-3.6423E-01
-3.6420E-01
-3.6415E-01
-3.6412E-01
-3.6406E-01
-3.6402E-01
-3.6393E-01
-3.6386E-01
-3.6379E-01
-3.6373E-01
-3.6362E-01
-3.6354E-01
-3.6341E-01
-3.6329E-01
-3.6315E-01
-3.6304E-01
-3.6286E-01
-3.6271E-01
-3.6256E-01
-3.6240E-01
-3.6222E-01
-3.6206E-01
-3.6187E-01
-3.6167E-01
-3.6149E-01
-3.6130E-01
-3.6109E-01
-3.6090E-01
-3.6068E-01
-3.6046E-01
-3.6023E-01
-3.6004E-01
-3.5977E-01
-3.5956E-01
-3.5932E-01
-3.5909E-01
-3.5885E-01
-3.5861E-01
-3.5834E-01
-3.5808E-01
-3.5782E-01
-3.5755E-01
-3.5724E-01
-3.5697E-01
-3.5665E-01
-3.5633E-01
-3.5600E-01
-3.5569E-01
-3.5531E-01
-3.5496E-01
-3.5460E-01
-3.5424E-01
-3.5384E-01
-3.5347E-01
-3.5306E-01
-3.5264E-01
-3.5223E-01
-3.5183E-01
-3.5138E-01
-3.5097E-01
-3.5052E-01
-3.5009E-01
-3.4966E-01
-3.4928E-01
-3.4883E-01
-3.4843E-01
-3.4802E-01
-3.4764E-01
-3.4724E-01
-3.4687E-01
-3.4648E-01
-3.4610E-01
-3.4575E-01
-3.4541E-01
-3.4505E-01
-3.4472E-01
-3.4438E-01
-3.4407E-01
-3.4376E-01
-3.4351E-01
-3.4319E-01
-3.4292E-01
-3.4265E-01
-3.4242E-01
-3.4215E-01
-3.4193E-01
-3.4169E-01
-3.4145E-01
-3.4125E-01
-3.4105E-01
-3.4082E-01
-3.4066E-01
-3.4046E-01
-3.4031E-01
-3.4016E-01
-3.4006E-01
-3.3992E-01
-3.3984E-01
-3.3976E-01
-3.3973E-01
-3.3967E-01
-3.3968E-01
-3.3967E-01
-3.3969E-01
-3.3975E-01
-3.3983E-01
-3.3990E-01
-3.4001E-01
-3.4013E-01
-3.4028E-01
-3.4043E-01
-3.4066E-01
-3.4082E-01
-3.4105E-01
-3.4129E-01
-3.4154E-01
-3.4180E-01
-3.4209E-01
-3.4235E-01
-3.4262E-01
-3.4292E-01
-3.4322E-01
-3.4349E-01
-3.4379E-01
-3.4406E-01
-3.4436E-01
-3.4464E-01
-3.4496E-01
-3.4520E-01
-3.4549E-01
-3.4577E-01
-3.4606E-01
-3.4632E-01
-3.4662E-01
-3.4687E-01
-3.4712E-01
-3.4739E-01
-3.4767E-01
-3.4790E-01
-3.4818E-01
-3.4842E-01
-3.4868E-01
-3.4894E-01
-3.4924E-01
-3.4948E-01
-3.4976E-01
-3.5005E-01
-3.5037E-01
-3.5066E-01
-3.5099E-01
-3.5129E-01
-3.5161E-01
-3.5195E-01
-3.5230E-01
-3.5263E-01
-3.5301E-01
-3.5335E-01
-3.5373E-01
-3.5410E-01
-3.5452E-01
-3.5488E-01
-3.5528E-01
-3.5567E-01
-3.5609E-01
-3.5647E-01
-3.5689E-01
-3.5727E-01
-3.5766E-01
-3.5805E-01
-3.5844E-01
-3.5878E-01
-3.5916E-01
-3.5948E-01
-3.5982E-01
-3.6014E-01
-3.6049E-01
-3.6075E-01
-3.6105E-01
-3.6131E-01
-3.6158E-01
-3.6180E-01
-3.6202E-01
-3.6222E-01
-3.6239E-01
-3.6257E-01
-3.6274E-01
-3.6286E-01
-3.6301E-01
-3.6312E-01
-3.6323E-01
-3.6334E-01
-3.6347E-01
-3.6352E-01
-3.6361E-01
-3.6370E-01
-3.6378E-01
-3.6382E-01
-3.6388E-01
-3.6391E-01
-3.6395E-01
-3.6401E-01
-3.6407E-01
-3.6409E-01
-3.6414E-01
-3.6416E-01
-3.6419E-01
-3.6421E-01
-3.6427E-01
-3.6427E-01
-3.6429E-01
-3.6430E-01
-3.6432E-01
-3.6429E-01
-3.6429E-01
-3.6425E-01
-3.6421E-01
-3.6419E-01
-3.6418E-01
-3.6413E-01
-3.6410E-01
-3.6405E-01
-3.6399E-01
-3.6393E-01
-3.6391E-01
-3.6383E-01
-3.6379E-01
-3.6374E-01
-3.6370E-01
-3.6361E-01
-3.6357E-01
-3.6350E-01
-3.6344E-01
-3.6342E-01
-3.6341E-01
-3.6338E-01
-3.6339E-01
-3.6336E-01
-3.6334E-01
-3.6331E-01
-3.6333E-01
-3.6329E-01
-3.6330E-01
-3.6330E-01
-3.6332E-01
-3.6330E-01
-3.6332E-01
-3.6331E-01
-3.6331E-01
-3.6334E-01
-3.6340E-01
-3.6343E-01
-3.6348E-01
-3.6348E-01
-3.6347E-01
-3.6345E-01
-3.6346E-01
-3.6341E-01
-3.6340E-01
-3.6339E-01
-3.6340E-01
-3.6338E-01
-3.6339E-01
-3.6338E-01
-3.6339E-01
-3.6342E-01
-3.6349E-01
-3.6354E-01
-3.6361E-01
-3.6362E-01
-3.6361E-01
-3.6358E-01
-3.6358E-01
-3.6353E-01
-3.6353E-01
-3.6353E-01
-3.6356E-01
-3.6357E-01
-3.6362E-01
-3.6366E-01
-3.6371E-01
-3.6379E-01
-3.6392E-01
-3.6404E-01
-3.6417E-01
-3.6422E-01
-3.6423E-01
-3.6421E-01
-3.6422E-01
-3.6418E-01
-3.6419E-01
-3.6422E-01
-3.6427E-01
-3.6431E-01
-3.6442E-01
-3.6449E-01
-3.6458E-01
-3.6471E-01
-3.6490E-01
-3.6507E-01
-3.6525E-01
-3.6533E-01
-3.6535E-01
-3.6534E-01
-3.6534E-01
-3.6529E-01
-3.6529E-01
-3.6530E-01
-3.6534E-01
-3.6537E-01
-3.6545E-01
-3.6548E-01
-3.6554E-01
-3.6562E-01
-3.6573E-01
-3.6583E-01
-3.6591E-01
-3.6586E-01
-3.6572E-01
-3.6552E-01
-3.6530E-01
-3.6502E-01
-3.6478E-01
-3.6452E-01
-3.6428E-01
-3.6403E-01
-3.6381E-01
-3.6353E-01
-3.6324E-01
-3.6297E-01
-3.6271E-01
-3.6243E-01
-3.6211E-01
-3.6164E-01
-3.6105E-01
-3.6037E-01
-3.5967E-01
-3.5890E-01
-3.5815E-01
-3.5739E-01
-3.5665E-01
-3.5588E-01
-3.5515E-01
-3.5435E-01
-3.5353E-01
-3.5273E-01
-3.5194E-01
-3.5114E-01
-3.5027E-01
-3.4924E-01
-3.4807E-01
-3.4681E-01
-3.4552E-01
-3.4415E-01
-3.4281E-01
-3.4145E-01
-3.4011E-01
-3.3875E-01
-3.3742E-01
-3.3602E-01
-3.3460E-01
-3.3317E-01
-3.3176E-01
-3.3031E-01
-3.2879E-01
-3.2711E-01
-3.2525E-01
-3.2331E-01
-3.2129E-01
-3.1921E-01
-3.1713E-01
-3.1504E-01
-3.1298E-01
-3.1089E-01
-3.0884E-01
-3.0670E-01
-3.0453E-01
-3.0236E-01
-3.0020E-01
-2.9801E-01
-2.9574E-01
-2.9330E-01
-2.9069E-01
-2.8799E-01
-2.8524E-01
-2.8241E-01
-2.7963E-01
-2.7684E-01
-2.7409E-01
-2.7136E-01
-2.6868E-01
-2.6594E-01
-2.6319E-01
-2.6044E-01
-2.5772E-01
-2.5501E-01
-2.5222E-01
-2.4929E-01
-2.4621E-01
-2.4307E-01
-2.3987E-01
-2.3665E-01
-2.3347E-01
-2.3033E-01
-2.2725E-01
-2.2423E-01
-2.2129E-01
-2.1829E-01
-2.1530E-01
-2.1233E-01
-2.0941E-01
-2.0651E-01
-2.0355E-01
-2.0046E-01
-1.9723E-01
-1.9396E-01
-1.9064E-01
-1.8732E-01
-1.8407E-01
-1.8086E-01
-1.7776E-01
-1.7474E-01
-1.7180E-01
-1.6883E-01
-1.6587E-01
-1.6294E-01
-1.6004E-01
-1.5721E-01
-1.5430E-01
-1.5129E-01
-1.4815E-01
-1.4496E-01
-1.4173E-01
-1.3851E-01
-1.3534E-01
-1.3224E-01
-1.2925E-01
-1.2635E-01
-1.2355E-01
-1.2069E-01
-1.1784E-01
-1.1500E-01
-1.1218E-01
-1.0941E-01
-1.0656E-01
-1.0360E-01
-1.0051E-01
-9.738E-02
-9.418E-02
-9.099E-02
-8.785E-02
-8.477E-02
-8.182E-02
-7.897E-02
-7.620E-02
-7.339E-02
-7.057E-02
-6.774E-02
-6.494E-02
-6.218E-02
-5.935E-02
-5.642E-02
-5.338E-02
-5.029E-02
-4.715E-02
-4.401E-02
-4.094E-02
-3.790E-02
-3.502E-02
-3.225E-02
-2.956E-02
-2.682E-02
-2.405E-02
-2.127E-02
-1.848E-02
-1.574E-02
-1.292E-02
-1.000E-02
-6.97E-03
-3.90E-03
-7.6E-04
2.37E-03
5.47E-03
8.51E-03
1.142E-02
1.420E-02
1.691E-02
1.967E-02
2.246E-02
2.527E-02
2.809E-02
3.086E-02
3.369E-02
3.658E-02
3.954E-02
4.251E-02
4.553E-02
4.852E-02
5.145E-02
5.431E-02
5.702E-02
5.955E-02
6.203E-02
6.451E-02
6.700E-02
6.952E-02
7.204E-02
7.449E-02
7.699E-02
7.952E-02
8.208E-02
8.466E-02
8.727E-02
8.986E-02
9.238E-02
9.486E-02
9.719E-02
9.938E-02
1.0152E-01
1.0367E-01
1.0585E-01
1.0807E-01
1.1031E-01
1.1250E-01
1.1475E-01
1.1699E-01
1.1925E-01
1.2152E-01
1.2383E-01
1.2610E-01
1.2832E-01
1.3048E-01
1.3251E-01
1.3439E-01
1.3621E-01
1.3804E-01
1.3989E-01
1.4176E-01
1.4364E-01
1.4546E-01
1.4731E-01
1.4913E-01
1.5094E-01
1.5272E-01
1.5453E-01
1.5628E-01
1.5800E-01
1.5967E-01
1.6120E-01
1.6259E-01
1.6395E-01
1.6530E-01
1.6668E-01
1.6809E-01
1.6952E-01
1.7092E-01
1.7231E-01
1.7367E-01
1.7499E-01
1.7627E-01
1.7756E-01
1.7882E-01
1.8003E-01
1.8119E-01
1.8223E-01
1.8314E-01
1.8401E-01
1.8484E-01
1.8569E-01
1.8655E-01
1.8743E-01
1.8825E-01
1.8904E-01
1.8974E-01
1.9035E-01
1.9090E-01
1.9144E-01
1.9189E-01
1.9230E-01
1.9265E-01
1.9286E-01
1.9296E-01
1.9301E-01
1.9301E-01
1.9302E-01
1.9303E-01
1.9305E-01
1.9302E-01
1.9296E-01
1.9278E-01
1.9251E-01
1.9220E-01
1.9185E-01
1.9145E-01
1.9102E-01
1.9055E-01
1.9001E-01
1.8936E-01
1.8871E-01
1.8801E-01
1.8735E-01
1.8670E-01
1.8609E-01
1.8545E-01
1.8478E-01
1.8400E-01
1.8312E-01
1.8220E-01
1.8126E-01
1.8027E-01
1.7928E-01
1.7826E-01
1.7719E-01
1.7604E-01
1.7491E-01
1.7373E-01
1.7258E-01
1.7144E-01
1.7034E-01
1.6921E-01
1.6805E-01
1.6677E-01
1.6536E-01
1.6391E-01
1.6242E-01
1.6089E-01
1.5937E-01
1.5783E-01
1.5626E-01
1.5465E-01
1.5306E-01
1.5141E-01
1.4979E-01
1.4820E-01
1.4664E-01
1.4506E-01
1.4345E-01
1.4171E-01
1.3985E-01
1.3795E-01
1.3601E-01
1.3404E-01
1.3210E-01
1.3015E-01
1.2821E-01
1.2626E-01
1.2435E-01
1.2239E-01
1.2046E-01
1.1853E-01
1.1665E-01
1.1477E-01
1.1284E-01
1.1078E-01
1.0858E-01
1.0632E-01
1.0403E-01
1.0168E-01
9.937E-02
9.706E-02
9.477E-02
9.248E-02
9.022E-02
8.789E-02
8.557E-02
8.326E-02
8.096E-02
7.865E-02
7.627E-02
7.375E-02
7.109E-02
6.836E-02
6.558E-02
6.276E-02
5.998E-02
5.720E-02
5.448E-02
5.180E-02
4.916E-02
4.647E-02
4.380E-02
4.114E-02
3.852E-02
3.592E-02
3.327E-02
3.051E-02
2.762E-02
2.470E-02
2.174E-02
1.878E-02
1.589E-02
1.304E-02
1.029E-02
7.62E-03
5.04E-03
2.41E-03
-1.8E-04
-2.75E-03
-5.29E-03
-7.79E-03
-1.033E-02
-1.298E-02
-1.574E-02
-1.854E-02
-2.137E-02
-2.421E-02
-2.698E-02
-2.972E-02
-3.233E-02
-3.484E-02
-3.729E-02
-3.976E-02
-4.225E-02
-4.472E-02
-4.716E-02
-4.957E-02
-5.203E-02
-5.460E-02
-5.729E-02
-6.002E-02
-6.280E-02
-6.558E-02
-6.830E-02
-7.096E-02
-7.351E-02
-7.595E-02
-7.832E-02
-8.072E-02
-8.314E-02
-8.555E-02
-8.795E-02
-9.033E-02
-9.276E-02
-9.530E-02
-9.796E-02
-1.0066E-01
-1.0343E-01
-1.0619E-01
-1.0891E-01
-1.1159E-01
-1.1415E-01
-1.1660E-01
-1.1900E-01
-1.2144E-01
-1.2391E-01
-1.2639E-01
-1.2889E-01
-1.3135E-01
-1.3388E-01
-1.3651E-01
-1.3925E-01
-1.4203E-01
-1.4488E-01
-1.4771E-01
-1.5051E-01
-1.5325E-01
-1.5586E-01
-1.5836E-01
-1.6078E-01
-1.6324E-01
-1.6572E-01
-1.6820E-01
-1.7069E-01
-1.7311E-01
-1.7561E-01
-1.7816E-01
-1.8079E-01
-1.8344E-01
-1.8614E-01
-1.8881E-01
-1.9143E-01
-1.9399E-01
-1.9641E-01
-1.9869E-01
-2.0090E-01
-2.0312E-01
-2.0537E-01
-2.0763E-01
-2.0988E-01
-2.1208E-01
-2.1433E-01
-2.1663E-01
-2.1899E-01
-2.2138E-01
-2.2380E-01
-2.2620E-01
-2.2855E-01
-2.3083E-01
-2.3298E-01
-2.3499E-01
-2.3693E-01
-2.3889E-01
-2.4086E-01
-2.4284E-01
-2.4482E-01
-2.4675E-01
-2.4871E-01
-2.5070E-01
-2.5275E-01
-2.5479E-01
-2.5688E-01
-2.5891E-01
-2.6092E-01
-2.6285E-01
-2.6464E-01
-2.6631E-01
-2.6791E-01
-2.6953E-01
-2.7116E-01
-2.7281E-01
-2.7448E-01
-2.7608E-01
-2.7775E-01
-2.7943E-01
-2.8116E-01
-2.8290E-01
-2.8469E-01
-2.8646E-01
-2.8820E-01
-2.8989E-01
-2.9147E-01
-2.9295E-01
-2.9439E-01
-2.9583E-01
-2.9732E-01
-2.9883E-01
-3.0036E-01
-3.0185E-01
-3.0339E-01
-3.0493E-01
-3.0651E-01
-3.0808E-01
-3.0969E-01
-3.1125E-01
-3.1279E-01
-3.1427E-01
-3.1563E-01
-3.1685E-01
-3.1803E-01
-3.1919E-01
-3.2036E-01
-3.2153E-01
-3.2269E-01
-3.2378E-01
-3.2489E-01
-3.2596E-01
-3.2703E-01
-3.2807E-01
-3.2912E-01
-3.3011E-01
-3.3105E-01
-3.3193E-01
-3.3268E-01
-3.3330E-01
-3.3388E-01
-3.3443E-01
-3.3499E-01
-3.3555E-01
-3.3612E-01
-3.3662E-01
-3.3716E-01
-3.3766E-01
-3.3817E-01
-3.3867E-01
-3.3919E-01
-3.3966E-01
-3.4012E-01
-3.4054E-01
-3.4087E-01
-3.4109E-01
-3.4130E-01
-3.4149E-01
-3.4171E-01
-3.4195E-01
-3.4221E-01
-3.4242E-01
-3.4266E-01
-3.4288E-01
-3.4311E-01
-3.4332E-01
-3.4357E-01
-3.4376E-01
-3.4395E-01
-3.4410E-01
-3.4419E-01
-3.4418E-01
-3.4417E-01
-3.4413E-01
-3.4412E-01
-3.4413E-01
-3.4415E-01
-3.4413E-01
-3.4415E-01
-3.4413E-01
-3.4412E-01
-3.4411E-01
-3.4413E-01
-3.4410E-01
-3.4408E-01
-3.4403E-01
-3.4395E-01
-3.4378E-01
-3.4362E-01
-3.4344E-01
-3.4329E-01
-3.4317E-01
-3.4306E-01
-3.4292E-01
-3.4281E-01
-3.4267E-01
-3.4254E-01
-3.4241E-01
-3.4229E-01
-3.4214E-01
-3.4200E-01
-3.4182E-01
-3.4163E-01
-3.4136E-01
-3.4109E-01
-3.4080E-01
-3.4053E-01
-3.4027E-01
-3.4002E-01
-3.3974E-01
-3.3948E-01
-3.3917E-01
-3.3887E-01
-3.3856E-01
-3.3828E-01
-3.3794E-01
-3.3761E-01
-3.3727E-01
-3.3690E-01
-3.3647E-01
-3.3606E-01
-3.3562E-01
-3.3519E-01
-3.3477E-01
-3.3437E-01
-3.3393E-01
-3.3351E-01
-3.3306E-01
-3.3260E-01
-3.3215E-01
-3.3173E-01
-3.3124E-01
-3.3079E-01
-3.3030E-01
-3.2983E-01
-3.2930E-01
-3.2879E-01
-3.2825E-01
-3.2772E-01
-3.2722E-01
-3.2671E-01
-3.2617E-01
-3.2567E-01
-3.2514E-01
-3.2463E-01
-3.2412E-01
-3.2364E-01
-3.2312E-01
-3.2264E-01
-3.2215E-01
-3.2169E-01
-3.2120E-01
-3.2075E-01
-3.2028E-01
-3.1983E-01
-3.1941E-01
-3.1901E-01
-3.1859E-01
-3.1822E-01
-3.1783E-01
-3.1747E-01
-3.1713E-01
-3.1683E-01
-3.1648E-01
-3.1618E-01
-3.1589E-01
-3.1562E-01
-3.1532E-01
-3.1506E-01
-3.1478E-01
-3.1450E-01
-3.1423E-01
-3.1398E-01
-3.1368E-01
-3.1341E-01
-3.1312E-01
-3.1286E-01
-3.1258E-01
-3.1234E-01
-3.1204E-01
-3.1178E-01
-3.1150E-01
-3.1124E-01
-3.1097E-01
-3.1071E-01
-3.1043E-01
-3.1016E-01
-3.0990E-01
-3.0965E-01
-3.0937E-01
-3.0914E-01
-3.0889E-01
-3.0868E-01
-3.0849E-01
-3.0834E-01
-3.0815E-01
-3.0802E-01
-3.0789E-01
-3.0780E-01
-3.0771E-01
-3.0766E-01
-3.0758E-01
-3.0753E-01
-3.0750E-01
-3.0748E-01
-3.0744E-01
-3.0745E-01
-3.0744E-01
-3.0746E-01
-3.0749E-01
-3.0757E-01
-3.0758E-01
-3.0764E-01
-3.0768E-01
-3.0774E-01
-3.0778E-01
-3.0784E-01
-3.0786E-01
-3.0789E-01
-3.0791E-01
-3.0793E-01
-3.0792E-01
-3.0793E-01
-3.0793E-01
-3.0795E-01
-3.0799E-01
-3.0805E-01
-3.0806E-01
-3.0811E-01
-3.0817E-01
-3.0825E-01
-3.0832E-01
-3.0845E-01
-3.0855E-01
-3.0866E-01
-3.0882E-01
-3.0898E-01
-3.0915E-01
-3.0936E-01
-3.0958E-01
-3.0986E-01
-3.1014E-01
-3.1050E-01
-3.1083E-01
-3.1121E-01
-3.1161E-01
-3.1204E-01
-3.1249E-01
-3.1296E-01
-3.1343E-01
-3.1392E-01
-3.1444E-01
-3.1497E-01
-3.1548E-01
-3.1603E-01
-3.1659E-01
-3.1717E-01
-3.1776E-01
-3.1839E-01
-3.1897E-01
-3.1959E-01
-3.2020E-01
-3.2084E-01
-3.2144E-01
-3.2207E-01
-3.2268E-01
-3.2328E-01
-3.2391E-01
-3.2454E-01
-3.2512E-01
-3.2576E-01
-3.2637E-01
-3.2700E-01
-3.2764E-01
-3.2832E-01
-3.2893E-01
-3.2958E-01
-3.3022E-01
-3.3087E-01
-3.3147E-01
-3.3211E-01
-3.3272E-01
-3.3332E-01
-3.3395E-01
-3.3457E-01
-3.3515E-01
-3.3577E-01
-3.3635E-01
-3.3696E-01
-3.3756E-01
-3.3819E-01
-3.3876E-01
-3.3934E-01
-3.3992E-01
-3.4049E-01
-3.4101E-01
-3.4155E-01
-3.4206E-01
-3.4257E-01
-3.4309E-01
-3.4361E-01
-3.4408E-01
-3.4460E-01
-3.4508E-01
-3.4559E-01
-3.4609E-01
-3.4663E-01
-3.4710E-01
-3.4761E-01
-3.4811E-01
-3.4860E-01
-3.4905E-01
-3.4953E-01
-3.4998E-01
-3.5043E-01
-3.5090E-01
-3.5139E-01
-3.5183E-01
-3.5231E-01
-3.5276E-01
-3.5324E-01
-3.5371E-01
-3.5421E-01
-3.5464E-01
-3.5511E-01
-3.5555E-01
-3.5598E-01
-3.5635E-01
-3.5674E-01
-3.5709E-01
-3.5745E-01
-3.5780E-01
-3.5816E-01
-3.5846E-01
-3.5880E-01
-3.5908E-01
-3.5938E-01
-3.5967E-01
-3.5998E-01
-3.6021E-01
-3.6047E-01
-3.6071E-01
-3.6091E-01
-3.6107E-01
-3.6123E-01
-3.6134E-01
-3.6147E-01
-3.6160E-01
-3.6173E-01
-3.6182E-01
-3.6192E-01
-3.6199E-01
-3.6208E-01
-3.6216E-01
-3.6226E-01
-3.6229E-01
-3.6235E-01
-3.6238E-01
-3.6240E-01
-3.6237E-01
-3.6235E-01
-3.6230E-01
-3.6225E-01
-3.6222E-01
-3.6219E-01
-3.6211E-01
-3.6207E-01
-3.6200E-01
-3.6195E-01
-3.6189E-01
-3.6187E-01
-3.6179E-01
-3.6173E-01
-3.6166E-01
-3.6160E-01
-3.6149E-01
-3.6140E-01
-3.6128E-01
-3.6120E-01
-3.6113E-01
-3.6109E-01
-3.6102E-01
-3.6098E-01
-3.6093E-01
-3.6090E-01
-3.6088E-01
-3.6091E-01
-3.6088E-01
-3.6089E-01
-3.6090E-01
-3.6092E-01
-3.6090E-01
-3.6091E-01
-3.6089E-01
-3.6090E-01
-3.6093E-01
-3.6098E-01
-3.6100E-01
-3.6106E-01
-3.6109E-01
-3.6113E-01
-3.6116E-01
-3.6124E-01
-3.6125E-01
-3.6130E-01
-3.6134E-01
-3.6140E-01
-3.6140E-01
-3.6143E-01
-3.6143E-01
-3.6145E-01
-3.6148E-01
-3.6153E-01
-3.6155E-01
-3.6160E-01
-3.6161E-01
-3.6164E-01
-3.6166E-01
-3.6173E-01
-3.6173E-01
-3.6178E-01
-3.6182E-01
-3.6186E-01
-3.6187E-01
-3.6191E-01
-3.6192E-01
-3.6194E-01
-3.6199E-01
-3.6204E-01
-3.6206E-01
-3.6212E-01
-3.6214E-01
-3.6217E-01
-3.6218E-01
-3.6223E-01
-3.6222E-01
-3.6225E-01
-3.6227E-01
-3.6230E-01
-3.6230E-01
-3.6233E-01
-3.6233E-01
-3.6234E-01
-3.6238E-01
-3.6243E-01
-3.6245E-01
-3.6252E-01
-3.6255E-01
-3.6259E-01
-3.6262E-01
-3.6270E-01
-3.6272E-01
-3.6279E-01
-3.6286E-01
-3.6295E-01
-3.6301E-01
-3.6310E-01
-3.6316E-01
-3.6323E-01
-3.6333E-01
-3.6342E-01
-3.6348E-01
-3.6356E-01
-3.6360E-01
-3.6365E-01
-3.6366E-01
-3.6370E-01
-3.6366E-01
-3.6364E-01
-3.6359E-01
-3.6355E-01
-3.6347E-01
-3.6339E-01
-3.6327E-01
-3.6312E-01
-3.6299E-01
-3.6283E-01
-3.6264E-01
-3.6245E-01
-3.6222E-01
-3.6199E-01
-3.6174E-01
-3.6153E-01
-3.6124E-01
-3.6098E-01
-3.6073E-01
-3.6049E-01
-3.6023E-01
-3.6001E-01
-3.5975E-01
-3.5953E-01
-3.5931E-01
-3.5912E-01
-3.5891E-01
-3.5874E-01
-3.5855E-01
-3.5838E-01
-3.5823E-01
-3.5812E-01
-3.5794E-01
-3.5783E-01
-3.5771E-01
-3.5760E-01
-3.5747E-01
-3.5738E-01
-3.5724E-01
-3.5712E-01
-3.5700E-01
-3.5687E-01
-3.5672E-01
-3.5658E-01
-3.5639E-01
-3.5621E-01
-3.5601E-01
-3.5583E-01
-3.5557E-01
-3.5534E-01
-3.5509E-01
-3.5483E-01
-3.5453E-01
-3.5424E-01
-3.5391E-01
-3.5358E-01
-3.5325E-01
-3.5291E-01
-3.5253E-01
-3.5217E-01
-3.5178E-01
-3.5140E-01
-3.5102E-01
-3.5066E-01
-3.5024E-01
-3.4987E-01
-3.4948E-01
-3.4911E-01
-3.4872E-01
-3.4835E-01
-3.4796E-01
-3.4758E-01
-3.4722E-01
-3.4687E-01
-3.4650E-01
-3.4616E-01
-3.4580E-01
-3.4547E-01
-3.4514E-01
-3.4486E-01
-3.4453E-01
-3.4425E-01
-3.4397E-01
-3.4372E-01
-3.4347E-01
-3.4325E-01
-3.4301E-01
-3.4280E-01
-3.4261E-01
-3.4246E-01
-3.4227E-01
-3.4215E-01
-3.4201E-01
-3.4190E-01
-3.4181E-01
-3.4178E-01
-3.4170E-01
-3.4168E-01
-3.4166E-01
-3.4168E-01
-3.4169E-01
-3.4174E-01
-3.4177E-01
-3.4182E-01
-3.4189E-01
-3.4199E-01
-3.4206E-01
-3.4216E-01
-3.4225E-01
-3.4237E-01
-3.4248E-01
-3.4263E-01
-3.4273E-01
-3.4287E-01
-3.4300E-01
-3.4317E-01
-3.4330E-01
-3.4348E-01
-3.4362E-01
-3.4377E-01
-3.4394E-01
-3.4412E-01
-3.4428E-01
-3.4447E-01
-3.4464E-01
-3.4484E-01
-3.4504E-01
-3.4528E-01
-3.4548E-01
-3.4572E-01
-3.4596E-01
-3.4624E-01
-3.4650E-01
-3.4679E-01
-3.4707E-01
-3.4737E-01
-3.4768E-01
-3.4801E-01
-3.4830E-01
-3.4864E-01
-3.4895E-01
-3.4929E-01
-3.4961E-01
-3.4998E-01
-3.5028E-01
-3.5062E-01
-3.5095E-01
-3.5129E-01
-3.5160E-01
-3.5193E-01
-3.5222E-01
-3.5252E-01
-3.5282E-01
-3.5311E-01
-3.5336E-01
-3.5364E-01
-3.5388E-01
-3.5414E-01
-3.5438E-01
-3.5465E-01
-3.5486E-01
-3.5511E-01
-3.5533E-01
-3.5559E-01
-3.5581E-01
-3.5605E-01
-3.5628E-01
-3.5650E-01
-3.5674E-01
-3.5700E-01
-3.5722E-01
-3.5748E-01
-3.5772E-01
-3.5797E-01
-3.5822E-01
-3.5851E-01
-3.5873E-01
-3.5900E-01
-3.5926E-01
-3.5953E-01
-3.5976E-01
-3.6002E-01
-3.6024E-01
-3.6046E-01
-3.6069E-01
-3.6090E-01
-3.6108E-01
-3.6127E-01
-3.6143E-01
-3.6158E-01
-3.6172E-01
-3.6189E-01
-3.6197E-01
-3.6207E-01
-3.6216E-01
-3.6225E-01
-3.6228E-01
-3.6233E-01
-3.6235E-01
-3.6236E-01
-3.6238E-01
-3.6240E-01
-3.6239E-01
-3.6241E-01
-3.6239E-01
-3.6240E-01
-3.6240E-01
-3.6245E-01
-3.6243E-01
-3.6246E-01
-3.6248E-01
-3.6253E-01
-3.6253E-01
-3.6257E-01
-3.6258E-01
-3.6262E-01
-3.6267E-01
-3.6274E-01
-3.6278E-01
-3.6285E-01
-3.6291E-01
-3.6297E-01
-3.6303E-01
-3.6312E-01
-3.6315E-01
-3.6321E-01
-3.6327E-01
-3.6332E-01
-3.6332E-01
-3.6334E-01
-3.6333E-01
-3.6331E-01
-3.6331E-01
-3.6331E-01
-3.6327E-01
-3.6324E-01
-3.6317E-01
-3.6312E-01
-3.6304E-01
-3.6301E-01
-3.6290E-01
-3.6282E-01
-3.6274E-01
-3.6267E-01
-3.6256E-01
-3.6248E-01
-3.6237E-01
-3.6229E-01
-3.6223E-01
-3.6220E-01
-3.6214E-01
-3.6211E-01
-3.6207E-01
-3.6204E-01
-3.6202E-01
-3.6205E-01
-3.6203E-01
-3.6206E-01
-3.6209E-01
-3.6215E-01
-3.6218E-01
-3.6225E-01
-3.6230E-01
-3.6236E-01
-3.6245E-01
-3.6258E-01
-3.6266E-01
-3.6278E-01
-3.6285E-01
-3.6293E-01
-3.6299E-01
-3.6308E-01
-3.6311E-01
-3.6317E-01
-3.6322E-01
-3.6329E-01
-3.6330E-01
-3.6335E-01
-3.6335E-01
-3.6336E-01
-3.6339E-01
-3.6342E-01
-3.6343E-01
-3.6345E-01
-3.6342E-01
-3.6339E-01
-3.6333E-01
-3.6332E-01
-3.6323E-01
-3.6319E-01
-3.6315E-01
-3.6313E-01
-3.6309E-01
-3.6309E-01
-3.6306E-01
-3.6305E-01
-3.6307E-01
-3.6311E-01
-3.6314E-01
-3.6319E-01
-3.6320E-01
-3.6322E-01
-3.6322E-01
-3.6327E-01
-3.6326E-01
-3.6330E-01
-3.6334E-01
-3.6341E-01
-3.6346E-01
-3.6355E-01
-3.6361E-01
-3.6369E-01
-3.6379E-01
-3.6391E-01
-3.6401E-01
-3.6412E-01
-3.6417E-01
-3.6421E-01
-3.6423E-01
-3.6427E-01
-3.6424E-01
-3.6426E-01
-3.6426E-01
-3.6427E-01
-3.6425E-01
-3.6426E-01
-3.6422E-01
-3.6417E-01
-3.6414E-01
-3.6410E-01
-3.6403E-01
-3.6395E-01
-3.6381E-01
-3.6362E-01
-3.6342E-01
-3.6321E-01
-3.6294E-01
-3.6268E-01
-3.6240E-01
-3.6212E-01
-3.6181E-01
-3.6152E-01
-3.6117E-01
-3.6082E-01
-3.6047E-01
-3.6011E-01
-3.5972E-01
-3.5934E-01
-3.5888E-01
-3.5841E-01
-3.5789E-01
-3.5740E-01
-3.5683E-01
-3.5630E-01
-3.5575E-01
-3.5523E-01
-3.5468E-01
-3.5416E-01
-3.5360E-01
-3.5303E-01
-3.5248E-01
-3.5193E-01
-3.5136E-01
-3.5079E-01
-3.5016E-01
-3.4952E-01
-3.4885E-01
-3.4820E-01
-3.4748E-01
-3.4680E-01
-3.4612E-01
-3.4544E-01
-3.4474E-01
-3.4407E-01
-3.4335E-01
-3.4263E-01
-3.4192E-01
-3.4121E-01
-3.4048E-01
-3.3975E-01
-3.3895E-01
-3.3815E-01
-3.3733E-01
-3.3653E-01
-3.3567E-01
-3.3483E-01
-3.3400E-01
-3.3319E-01
-3.3236E-01
-3.3157E-01
-3.3072E-01
-3.2990E-01
-3.2908E-01
-3.2827E-01
-3.2743E-01
-3.2660E-01
-3.2573E-01
-3.2486E-01
-3.2397E-01
-3.2310E-01
-3.2218E-01
-3.2129E-01
-3.2040E-01
-3.1953E-01
-3.1865E-01
-3.1780E-01
-3.1691E-01
-3.1603E-01
-3.1516E-01
-3.1428E-01
-3.1339E-01
-3.1252E-01
-3.1159E-01
-3.1069E-01
-3.0976E-01
-3.0888E-01
-3.0794E-01
-3.0705E-01
-3.0618E-01
-3.0534E-01
-3.0451E-01
-3.0373E-01
-3.0293E-01
-3.0215E-01
-3.0140E-01
-3.0067E-01
-2.9994E-01
-2.9925E-01
-2.9854E-01
-2.9786E-01
-2.9720E-01
-2.9659E-01
-2.9593E-01
-2.9535E-01
-2.9478E-01
-2.9428E-01
-2.9377E-01
-2.9333E-01
-2.9287E-01
-2.9242E-01
-2.9200E-01
-2.9159E-01
-2.9115E-01
-2.9076E-01
-2.9033E-01
-2.8992E-01
-2.8951E-01
-2.8913E-01
-2.8870E-01
-2.8831E-01
-2.8792E-01
-2.8757E-01
-2.8721E-01
-2.8690E-01
-2.8655E-01
-2.8619E-01
-2.8585E-01
-2.8551E-01
-2.8514E-01
-2.8480E-01
-2.8443E-01
-2.8409E-01
-2.8373E-01
-2.8341E-01
-2.8304E-01
-2.8271E-01
-2.8240E-01
-2.8214E-01
-2.8188E-01
-2.8167E-01
-2.8143E-01
-2.8120E-01
-2.8099E-01
-2.8079E-01
-2.8057E-01
-2.8039E-01
-2.8019E-01
-2.8002E-01
-2.7984E-01
-2.7971E-01
-2.7952E-01
-2.7940E-01
-2.7929E-01
-2.7922E-01
-2.7915E-01
-2.7914E-01
-2.7910E-01
-2.7907E-01
-2.7906E-01
-2.7906E-01
-2.7905E-01
-2.7906E-01
-2.7907E-01
-2.7910E-01
-2.7913E-01
-2.7922E-01
-2.7926E-01
-2.7935E-01
-2.7945E-01
-2.7961E-01
-2.7977E-01
-2.7999E-01
-2.8018E-01
-2.8040E-01
-2.8062E-01
-2.8087E-01
-2.8111E-01
-2.8137E-01
-2.8162E-01
-2.8190E-01
-2.8216E-01
-2.8248E-01
-2.8274E-01
-2.8305E-01
-2.8337E-01
-2.8371E-01
-2.8404E-01
-2.8440E-01
-2.8474E-01
-2.8507E-01
-2.8541E-01
-2.8575E-01
-2.8605E-01
-2.8637E-01
-2.8664E-01
-2.8692E-01
-2.8718E-01
-2.8746E-01
-2.8767E-01
-2.8792E-01
-2.8815E-01
-2.8840E-01
-2.8864E-01
-2.8888E-01
-2.8911E-01
-2.8933E-01
-2.8955E-01
-2.8979E-01
-2.8999E-01
-2.9023E-01
-2.9043E-01
-2.9062E-01
-2.9082E-01
-2.9104E-01
-2.9123E-01
-2.9145E-01
-2.9168E-01
-2.9194E-01
-2.9217E-01
-2.9245E-01
-2.9272E-01
-2.9298E-01
-2.9328E-01
-2.9360E-01
-2.9390E-01
-2.9422E-01
-2.9449E-01
-2.9478E-01
-2.9506E-01
-2.9536E-01
-2.9560E-01
-2.9589E-01
-2.9618E-01
-2.9647E-01
-2.9674E-01
-2.9704E-01
-2.9731E-01
-2.9759E-01
-2.9786E-01
-2.9816E-01
-2.9844E-01
-2.9872E-01
-2.9894E-01
-2.9915E-01
-2.9933E-01
-2.9954E-01
-2.9969E-01
-2.9987E-01
-3.0004E-01
-3.0022E-01
-3.0037E-01
-3.0056E-01
-3.0070E-01
-3.0086E-01
-3.0104E-01
-3.0123E-01
-3.0140E-01
-3.0158E-01
-3.0171E-01
-3.0181E-01
-3.0188E-01
-3.0198E-01
-3.0204E-01
-3.0212E-01
-3.0219E-01
-3.0228E-01
-3.0235E-01
-3.0246E-01
-3.0253E-01
-3.0261E-01
-3.0272E-01
-3.0285E-01
-3.0295E-01
-3.0306E-01
-3.0310E-01
-3.0311E-01
-3.0308E-01
-3.0306E-01
-3.0300E-01
-3.0295E-01
-3.0290E-01
-3.0284E-01
-3.0276E-01
-3.0268E-01
-3.0257E-01
-3.0246E-01
-3.0235E-01
-3.0225E-01
-3.0211E-01
-3.0195E-01
-3.0171E-01
-3.0140E-01
-3.0103E-01
-3.0066E-01
-3.0022E-01
-2.9980E-01
-2.9934E-01
-2.9889E-01
-2.9841E-01
-2.9794E-01
-2.9742E-01
-2.9691E-01
-2.9640E-01
-2.9590E-01
-2.9539E-01
-2.9486E-01
-2.9426E-01
-2.9359E-01
-2.9288E-01
-2.9218E-01
-2.9145E-01
-2.9074E-01
-2.9004E-01
-2.8938E-01
-2.8869E-01
-2.8805E-01
-2.8738E-01
-2.8673E-01
-2.8609E-01
-2.8549E-01
-2.8488E-01
-2.8425E-01
-2.8354E-01
-2.8277E-01
-2.8196E-01
-2.8114E-01
-2.8026E-01
-2.7942E-01
-2.7857E-01
-2.7773E-01
-2.7687E-01
-2.7604E-01
-2.7516E-01
-2.7427E-01
-2.7339E-01
-2.7251E-01
-2.7161E-01
-2.7069E-01
-2.6965E-01
-2.6854E-01
-2.6737E-01
-2.6619E-01
-2.6495E-01
-2.6375E-01
-2.6255E-01
-2.6137E-01
-2.6019E-01
-2.5905E-01
-2.5786E-01
-2.5668E-01
-2.5552E-01
-2.5438E-01
-2.5324E-01
-2.5208E-01
-2.5082E-01
-2.4949E-01
-2.4812E-01
-2.4674E-01
-2.4532E-01
-2.4393E-01
-2.4254E-01
-2.4120E-01
-2.3986E-01
-2.3856E-01
-2.3720E-01
-2.3584E-01
-2.3449E-01
-2.3314E-01
-2.3179E-01
-2.3039E-01
-2.2890E-01
-2.2732E-01
-2.2568E-01
-2.2401E-01
-2.2231E-01
-2.2063E-01
-2.1896E-01
-2.1733E-01
-2.1571E-01
-2.1414E-01
-2.1252E-01
-2.1091E-01
-2.0929E-01
-2.0770E-01
-2.0612E-01
-2.0450E-01
-2.0280E-01
-2.0103E-01
-1.9922E-01
-1.9739E-01
-1.9556E-01
-1.9376E-01
-1.9198E-01
-1.9026E-01
-1.8859E-01
-1.8695E-01
-1.8530E-01
-1.8365E-01
-1.8200E-01
-1.8037E-01
-1.7876E-01
-1.7711E-01
-1.7537E-01
-1.7358E-01
-1.7175E-01
-1.6989E-01
-1.6801E-01
-1.6618E-01
-1.6437E-01
-1.6262E-01
-1.6093E-01
-1.5929E-01
-1.5762E-01
-1.5594E-01
-1.5428E-01
-1.5264E-01
-1.5101E-01
-1.4936E-01
-1.4764E-01
-1.4586E-01
-1.4406E-01
-1.4224E-01
-1.4042E-01
-1.3864E-01
-1.3690E-01
-1.3524E-01
-1.3365E-01
-1.3211E-01
-1.3054E-01
-1.2898E-01
-1.2742E-01
-1.2587E-01
-1.2434E-01
-1.2278E-01
-1.2115E-01
-1.1946E-01
-1.1774E-01
-1.1598E-01
-1.1423E-01
-1.1249E-01
-1.1079E-01
-1.0914E-01
-1.0756E-01
-1.0601E-01
-1.0443E-01
-1.0282E-01
-1.0120E-01
-9.958E-02
-9.796E-02
-9.630E-02
-9.458E-02
-9.280E-02
-9.100E-02
-8.916E-02
-8.731E-02
-8.550E-02
-8.371E-02
-8.203E-02
-8.039E-02
-7.881E-02
-7.721E-02
-7.559E-02
-7.399E-02
-7.239E-02
-7.082E-02
-6.922E-02
-6.760E-02
-6.595E-02
-6.428E-02
-6.262E-02
-6.096E-02
-5.935E-02
-5.778E-02
-5.631E-02
-5.493E-02
-5.359E-02
-5.226E-02
-5.090E-02
-4.956E-02
-4.822E-02
-4.691E-02
-4.557E-02
-4.421E-02
-4.284E-02
-4.144E-02
-4.003E-02
-3.863E-02
-3.727E-02
-3.593E-02
-3.469E-02
-3.351E-02
-3.238E-02
-3.123E-02
-3.006E-02
-2.889E-02
-2.771E-02
-2.656E-02
-2.538E-02
-2.420E-02
-2.299E-02
-2.177E-02
-2.055E-02
-1.933E-02
-1.815E-02
-1.700E-02
-1.595E-02
-1.497E-02
-1.404E-02
-1.310E-02
-1.214E-02
-1.119E-02
-1.023E-02
-9.31E-03
-8.37E-03
-7.43E-03
-6.48E-03
-5.54E-03
-4.59E-03
-3.66E-03
-2.75E-03
-1.88E-03
-1.09E-03
-3.8E-04
3.1E-04
9.9E-04
1.69E-03
2.38E-03
3.09E-03
3.77E-03
4.47E-03
5.16E-03
5.85E-03
6.53E-03
7.21E-03
7.88E-03
8.52E-03
9.12E-03
9.66E-03
1.013E-02
1.056E-02
1.098E-02
1.143E-02
1.187E-02
1.231E-02
1.272E-02
1.314E-02
1.355E-02
1.394E-02
1.433E-02
1.471E-02
1.508E-02
1.542E-02
1.574E-02
1.599E-02
1.617E-02
1.634E-02
1.649E-02
1.667E-02
1.684E-02
1.702E-02
1.717E-02
1.733E-02
1.748E-02
1.760E-02
1.772E-02
1.785E-02
1.795E-02
1.803E-02
1.808E-02
1.808E-02
1.802E-02
1.795E-02
1.785E-02
1.777E-02
1.767E-02
1.758E-02
1.747E-02
1.734E-02
1.720E-02
1.703E-02
1.684E-02
1.666E-02
1.643E-02
1.619E-02
1.594E-02
1.563E-02
1.527E-02
1.489E-02
1.450E-02
1.412E-02
1.375E-02
1.337E-02
1.298E-02
1.259E-02
1.218E-02
1.177E-02
1.135E-02
1.095E-02
1.053E-02
1.012E-02
9.71E-03
9.28E-03
8.83E-03
8.38E-03
7.94E-03
7.53E-03
7.13E-03
6.76E-03
6.38E-03
6.03E-03
5.67E-03
5.32E-03
4.98E-03
4.67E-03
4.34E-03
4.03E-03
3.72E-03
3.41E-03
3.08E-03
2.76E-03
2.45E-03
2.14E-03
1.83E-03
1.53E-03
1.23E-03
9.3E-04
6.1E-04
2.8E-04
-6E-05
-4.0E-04
-7.6E-04
-1.12E-03
-1.49E-03
-1.88E-03
-2.29E-03
-2.70E-03
-3.14E-03
-3.58E-03
-4.02E-03
-4.47E-03
-4.93E-03
-5.40E-03
-5.89E-03
-6.37E-03
-6.86E-03
-7.35E-03
-7.86E-03
-8.35E-03
-8.86E-03
-9.35E-03
-9.85E-03
-1.035E-02
-1.085E-02
-1.134E-02
-1.183E-02
-1.232E-02
-1.280E-02
-1.329E-02
-1.377E-02
-1.423E-02
-1.469E-02
-1.515E-02
-1.561E-02
-1.606E-02
-1.650E-02
-1.693E-02
-1.735E-02
-1.777E-02
-1.819E-02
-1.860E-02
-1.901E-02
-1.942E-02
-1.983E-02
-2.022E-02
-2.061E-02
-2.098E-02
-2.135E-02
-2.169E-02
-2.205E-02
-2.238E-02
-2.270E-02
-2.299E-02
-2.326E-02
-2.352E-02
-2.377E-02
-2.401E-02
-2.424E-02
-2.445E-02
-2.466E-02
-2.484E-02
-2.501E-02
-2.514E-02
-2.527E-02
-2.535E-02
-2.545E-02
-2.551E-02
-2.557E-02
-2.559E-02
-2.562E-02
-2.561E-02
-2.559E-02
-2.559E-02
-2.557E-02
-2.556E-02
-2.555E-02
-2.553E-02
-2.549E-02
-2.544E-02
-2.538E-02
-2.530E-02
-2.524E-02
-2.516E-02
-2.509E-02
-2.500E-02
-2.492E-02
-2.481E-02
-2.473E-02
-2.465E-02
-2.457E-02
-2.450E-02
-2.443E-02
-2.435E-02
-2.426E-02
-2.415E-02
-2.402E-02
-2.389E-02
-2.376E-02
-2.362E-02
-2.348E-02
-2.332E-02
-2.317E-02
-2.301E-02
-2.284E-02
-2.268E-02
-2.251E-02
-2.236E-02
-2.220E-02
-2.203E-02
-2.184E-02
-2.163E-02
-2.140E-02
-2.115E-02
-2.091E-02
-2.066E-02
-2.042E-02
-2.015E-02
-1.988E-02
-1.960E-02
-1.933E-02
-1.905E-02
-1.876E-02
-1.848E-02
-1.820E-02
-1.790E-02
-1.757E-02
-1.720E-02
-1.682E-02
-1.641E-02
-1.600E-02
-1.558E-02
-1.515E-02
-1.469E-02
-1.425E-02
-1.378E-02
-1.332E-02
-1.283E-02
-1.234E-02
-1.185E-02
-1.135E-02
-1.083E-02
-1.029E-02
-9.70E-03
-9.10E-03
-8.49E-03
-7.87E-03
-7.25E-03
-6.63E-03
-6.00E-03
-5.38E-03
-4.76E-03
-4.14E-03
-3.51E-03
-2.90E-03
-2.27E-03
-1.66E-03
-1.05E-03
-4.2E-04
2.4E-04
8.9E-04
1.56E-03
2.21E-03
2.87E-03
3.50E-03
4.14E-03
4.75E-03
5.34E-03
5.94E-03
6.54E-03
7.13E-03
7.72E-03
8.29E-03
8.88E-03
9.47E-03
1.008E-02
1.069E-02
1.132E-02
1.193E-02
1.255E-02
1.315E-02
1.376E-02
1.433E-02
1.492E-02
1.550E-02
1.608E-02
1.669E-02
1.729E-02
1.789E-02
1.852E-02
1.914E-02
1.979E-02
2.045E-02
2.114E-02
2.179E-02
2.247E-02
2.314E-02
2.381E-02
2.444E-02
2.508E-02
2.572E-02
2.636E-02
2.701E-02
2.767E-02
2.831E-02
2.896E-02
2.960E-02
3.024E-02
3.088E-02
3.152E-02
3.215E-02
3.277E-02
3.336E-02
3.394E-02
3.448E-02
3.502E-02
3.553E-02
3.606E-02
3.658E-02
3.710E-02
3.761E-02
3.813E-02
3.863E-02
3.913E-02
3.962E-02
4.013E-02
4.062E-02
4.111E-02
4.160E-02
4.208E-02
4.253E-02
4.299E-02
4.344E-02
4.392E-02
4.441E-02
4.491E-02
4.542E-02
4.593E-02
4.642E-02
4.692E-02
4.740E-02
4.789E-02
4.837E-02
4.884E-02
4.930E-02
4.974E-02
5.015E-02
5.055E-02
5.094E-02
5.133E-02
5.171E-02
5.212E-02
5.249E-02
5.285E-02
5.315E-02
5.343E-02
5.368E-02
5.392E-02
5.413E-02
5.432E-02
5.450E-02
5.463E-02
5.474E-02
5.482E-02
5.488E-02
5.494E-02
5.500E-02
5.506E-02
5.511E-02
5.514E-02
5.512E-02
5.505E-02
5.496E-02
5.487E-02
5.475E-02
5.462E-02
5.449E-02
5.432E-02
5.414E-02
5.394E-02
5.373E-02
5.352E-02
5.333E-02
5.313E-02
5.293E-02
5.271E-02
5.244E-02
5.215E-02
5.181E-02
5.148E-02
5.112E-02
5.077E-02
5.041E-02
5.004E-02
4.966E-02
4.929E-02
4.890E-02
4.853E-02
4.817E-02
4.783E-02
4.750E-02
4.715E-02
4.677E-02
4.634E-02
4.590E-02
4.546E-02
4.499E-02
4.456E-02
4.413E-02
4.370E-02
4.327E-02
4.285E-02
4.242E-02
4.200E-02
4.160E-02
4.122E-02
4.083E-02
4.043E-02
3.997E-02
3.946E-02
3.891E-02
3.836E-02
3.776E-02
3.719E-02
3.660E-02
3.600E-02
3.540E-02
3.480E-02
3.417E-02
3.353E-02
3.288E-02
3.224E-02
3.160E-02
3.091E-02
3.014E-02
2.929E-02
2.840E-02
2.749E-02
2.653E-02
2.559E-02
2.463E-02
2.367E-02
2.271E-02
2.174E-02
2.076E-02
1.976E-02
1.876E-02
1.778E-02
1.678E-02
1.576E-02
1.466E-02
1.349E-02
1.230E-02
1.108E-02
9.84E-03
8.62E-03
7.42E-03
6.24E-03
5.08E-03
3.95E-03
2.80E-03
1.64E-03
5.2E-04
-5.8E-04
-1.66E-03
-2.77E-03
-3.95E-03
-5.17E-03
-6.41E-03
-7.68E-03
-8.94E-03
-1.016E-02
-1.137E-02
-1.254E-02
-1.368E-02
-1.478E-02
-1.588E-02
-1.699E-02
-1.809E-02
-1.916E-02
-2.022E-02
-2.132E-02
-2.247E-02
-2.369E-02
-2.494E-02
-2.621E-02
-2.750E-02
-2.876E-02
-3.000E-02
-3.121E-02
-3.238E-02
-3.352E-02
-3.469E-02
-3.585E-02
-3.702E-02
-3.818E-02
-3.932E-02
-4.050E-02
-4.176E-02
-4.307E-02
-4.443E-02
-4.581E-02
-4.719E-02
-4.856E-02
-4.990E-02
-5.119E-02
-5.243E-02
-5.365E-02
-5.489E-02
-5.613E-02
-5.737E-02
-5.860E-02
-5.980E-02
-6.105E-02
-6.236E-02
-6.375E-02
-6.516E-02
-6.661E-02
-6.806E-02
-6.949E-02
-7.091E-02
-7.226E-02
-7.359E-02
-7.487E-02
-7.620E-02
-7.754E-02
-7.888E-02
-8.022E-02
-8.154E-02
-8.292E-02
-8.436E-02
-8.588E-02
-8.743E-02
-8.901E-02
-9.062E-02
-9.219E-02
-9.374E-02
-9.524E-02
-9.669E-02
-9.810E-02
-9.953E-02
-1.0098E-01
-1.0242E-01
-1.0386E-01
-1.0528E-01
-1.0673E-01
-1.0822E-01
-1.0977E-01
-1.1134E-01
-1.1293E-01
-1.1452E-01
-1.1606E-01
-1.1757E-01
-1.1901E-01
-1.2038E-01
-1.2171E-01
-1.2304E-01
-1.2439E-01
-1.2574E-01
-1.2707E-01
-1.2838E-01
-1.2971E-01
-1.3109E-01
-1.3252E-01
-1.3396E-01
-1.3544E-01
-1.3689E-01
-1.3832E-01
-1.3973E-01
-1.4107E-01
-1.4234E-01
-1.4357E-01
-1.4483E-01
-1.4609E-01
-1.4737E-01
-1.4864E-01
-1.4988E-01
-1.5117E-01
-1.5247E-01
-1.5383E-01
-1.5518E-01
-1.5657E-01
-1.5795E-01
-1.5929E-01
-1.6061E-01
-1.6185E-01
-1.6301E-01
-1.6414E-01
-1.6528E-01
-1.6644E-01
-1.6759E-01
-1.6874E-01
-1.6985E-01
-1.7100E-01
-1.7216E-01
-1.7336E-01
-1.7457E-01
-1.7581E-01
-1.7702E-01
-1.7822E-01
-1.7940E-01
-1.8051E-01
-1.8156E-01
-1.8259E-01
-1.8364E-01
-1.8470E-01
-1.8579E-01
-1.8689E-01
-1.8798E-01
-1.8910E-01
-1.9025E-01
-1.9143E-01
-1.9264E-01
-1.9387E-01
-1.9509E-01
-1.9632E-01
-1.9751E-01
-1.9866E-01
-1.9974E-01
-2.0080E-01
-2.0186E-01
-2.0295E-01
-2.0406E-01
-2.0517E-01
-2.0626E-01
-2.0736E-01
-2.0846E-01
-2.0956E-01
-2.1066E-01
-2.1177E-01
-2.1284E-01
-2.1389E-01
-2.1489E-01
-2.1583E-01
-2.1667E-01
-2.1749E-01
-2.1828E-01
-2.1909E-01
-2.1989E-01
-2.2068E-01
-2.2143E-01
-2.2218E-01
-2.2290E-01
-2.2361E-01
-2.2429E-01
-2.2498E-01
-2.2563E-01
-2.2626E-01
-2.2685E-01
-2.2738E-01
-2.2783E-01
-2.2826E-01
-2.2868E-01
-2.2910E-01
-2.2955E-01
-2.3000E-01
-2.3041E-01
-2.3084E-01
-2.3124E-01
-2.3162E-01
-2.3200E-01
-2.3238E-01
-2.3274E-01
-2.3309E-01
-2.3342E-01
-2.3371E-01
-2.3393E-01
-2.3415E-01
-2.3435E-01
-2.3458E-01
-2.3483E-01
-2.3508E-01
-2.3533E-01
-2.3558E-01
-2.3579E-01
-2.3600E-01
-2.3617E-01
-2.3637E-01
-2.3653E-01
-2.3671E-01
-2.3686E-01
-2.3697E-01
-2.3705E-01
-2.3712E-01
-2.3717E-01
-2.3725E-01
-2.3734E-01
-2.3746E-01
-2.3756E-01
-2.3766E-01
-2.3772E-01
-2.3776E-01
-2.3777E-01
-2.3778E-01
-2.3777E-01
-2.3776E-01
-2.3773E-01
-2.3768E-01
-2.3758E-01
-2.3749E-01
-2.3736E-01
-2.3726E-01
-2.3717E-01
-2.3709E-01
-2.3698E-01
-2.3687E-01
-2.3670E-01
-2.3648E-01
-2.3622E-01
-2.3597E-01
-2.3567E-01
-2.3537E-01
-2.3505E-01
-2.3470E-01
-2.3431E-01
-2.3393E-01
-2.3351E-01
-2.3309E-01
-2.3269E-01
-2.3229E-01
-2.3187E-01
-2.3143E-01
-2.3092E-01
-2.3037E-01
-2.2977E-01
-2.2918E-01
-2.2853E-01
-2.2790E-01
-2.2726E-01
-2.2661E-01
-2.2592E-01
-2.2525E-01
-2.2455E-01
-2.2385E-01
-2.2317E-01
-2.2250E-01
-2.2182E-01
-2.2112E-01
-2.2036E-01
-2.1954E-01
-2.1868E-01
-2.1782E-01
-2.1693E-01
-2.1605E-01
-2.1517E-01
-2.1429E-01
-2.1339E-01
-2.1252E-01
-2.1160E-01
-2.1071E-01
-2.0983E-01
-2.0895E-01
-2.0807E-01
-2.0718E-01
-2.0621E-01
-2.0518E-01
-2.0413E-01
-2.0308E-01
-2.0199E-01
-2.0092E-01
-1.9986E-01
-1.9882E-01
-1.9777E-01
-1.9677E-01
-1.9573E-01
-1.9469E-01
-1.9367E-01
-1.9267E-01
-1.9167E-01
-1.9064E-01
-1.8956E-01
-1.8841E-01
-1.8724E-01
-1.8606E-01
-1.8486E-01
-1.8368E-01
-1.8251E-01
-1.8136E-01
-1.8022E-01
-1.7913E-01
-1.7800E-01
-1.7686E-01
-1.7574E-01
-1.7464E-01
-1.7354E-01
-1.7241E-01
-1.7120E-01
-1.6995E-01
-1.6867E-01
-1.6736E-01
-1.6603E-01
-1.6474E-01
-1.6346E-01
-1.6221E-01
-1.6098E-01
-1.5979E-01
-1.5856E-01
-1.5734E-01
-1.5613E-01
-1.5493E-01
-1.5374E-01
-1.5251E-01
-1.5124E-01
-1.4989E-01
-1.4854E-01
-1.4716E-01
-1.4576E-01
-1.4441E-01
-1.4306E-01
-1.4175E-01
-1.4049E-01
-1.3927E-01
-1.3801E-01
-1.3677E-01
-1.3553E-01
-1.3430E-01
-1.3307E-01
-1.3183E-01
-1.3052E-01
-1.2917E-01
-1.2779E-01
-1.2639E-01
-1.2500E-01
-1.2362E-01
-1.2226E-01
-1.2096E-01
-1.1969E-01
-1.1847E-01
-1.1722E-01
-1.1596E-01
-1.1471E-01
-1.1346E-01
-1.1221E-01
-1.1095E-01
-1.0962E-01
-1.0825E-01
-1.0685E-01
-1.0543E-01
-1.0400E-01
-1.0260E-01
-1.0122E-01
-9.989E-02
-9.863E-02
-9.739E-02
-9.613E-02
-9.488E-02
-9.362E-02
-9.236E-02
-9.114E-02
-8.989E-02
-8.859E-02
-8.727E-02
-8.593E-02
-8.457E-02
-8.323E-02
-8.192E-02
-8.065E-02
-7.945E-02
-7.831E-02
-7.722E-02
-7.612E-02
-7.501E-02
-7.391E-02
-7.282E-02
-7.176E-02
-7.068E-02
-6.956E-02
-6.841E-02
-6.725E-02
-6.607E-02
-6.489E-02
-6.373E-02
-6.260E-02
-6.153E-02
-6.051E-02
-5.952E-02
-5.851E-02
-5.748E-02
-5.644E-02
-5.538E-02
-5.434E-02
-5.328E-02
-5.217E-02
-5.102E-02
-4.984E-02
-4.864E-02
-4.744E-02
-4.626E-02
-4.510E-02
-4.401E-02
-4.296E-02
-4.195E-02
-4.093E-02
-3.990E-02
-3.886E-02
-3.783E-02
-3.683E-02
-3.580E-02
-3.476E-02
-3.371E-02
-3.265E-02
-3.160E-02
-3.055E-02
-2.954E-02
-2.856E-02
-2.767E-02
-2.684E-02
-2.606E-02
-2.527E-02
-2.449E-02
-2.369E-02
-2.291E-02
-2.216E-02
-2.140E-02
-2.063E-02
-1.984E-02
-1.906E-02
-1.826E-02
-1.747E-02
-1.671E-02
-1.597E-02
-1.529E-02
-1.466E-02
-1.406E-02
-1.345E-02
-1.281E-02
-1.218E-02
-1.153E-02
-1.089E-02
-1.023E-02
-9.58E-03
-8.89E-03
-8.20E-03
-7.49E-03
-6.79E-03
-6.10E-03
-5.44E-03
-4.82E-03
-4.26E-03
-3.72E-03
-3.17E-03
-2.62E-03
-2.05E-03
-1.49E-03
-9.6E-04
-4.0E-04
1.5E-04
7.1E-04
1.25E-03
1.81E-03
2.34E-03
2.86E-03
3.34E-03
3.77E-03
4.14E-03
4.49E-03
4.83E-03
5.17E-03
5.52E-03
5.87E-03
6.19E-03
6.51E-03
6.83E-03
7.15E-03
7.47E-03
7.79E-03
8.09E-03
8.37E-03
8.64E-03
8.87E-03
9.04E-03
9.21E-03
9.36E-03
9.54E-03
9.72E-03
9.91E-03
1.008E-02
1.025E-02
1.043E-02
1.060E-02
1.077E-02
1.095E-02
1.111E-02
1.127E-02
1.141E-02
1.152E-02
1.159E-02
1.164E-02
1.170E-02
1.177E-02
1.184E-02
1.192E-02
1.199E-02
1.206E-02
1.212E-02
1.219E-02
1.225E-02
1.231E-02
1.236E-02
1.241E-02
1.245E-02
1.246E-02
1.244E-02
1.242E-02
1.239E-02
1.237E-02
1.236E-02
1.235E-02
1.233E-02
1.232E-02
1.229E-02
1.226E-02
1.221E-02
1.218E-02
1.210E-02
1.204E-02
1.195E-02
1.184E-02
1.169E-02
1.153E-02
1.135E-02
1.117E-02
1.098E-02
1.080E-02
1.058E-02
1.036E-02
1.011E-02
9.85E-03
9.58E-03
9.31E-03
9.00E-03
8.70E-03
8.38E-03
8.06E-03
7.70E-03
7.34E-03
6.98E-03
6.62E-03
6.27E-03
5.94E-03
5.60E-03
5.27E-03
4.94E-03
4.62E-03
4.32E-03
4.03E-03
3.73E-03
3.46E-03
3.21E-03
2.96E-03
2.70E-03
2.48E-03
2.25E-03
2.05E-03
1.86E-03
1.69E-03
1.51E-03
1.36E-03
1.19E-03
1.03E-03
8.7E-04
7.2E-04
5.6E-04
4.1E-04
2.5E-04
9E-05
-8E-05
-2.6E-04
-4.4E-04
-6.3E-04
-8.1E-04
-1.01E-03
-1.21E-03
-1.42E-03
-1.65E-03
-1.88E-03
-2.13E-03
-2.37E-03
-2.63E-03
-2.90E-03
-3.15E-03
-3.42E-03
-3.70E-03
-3.96E-03
-4.24E-03
-4.52E-03
-4.80E-03
-5.08E-03
-5.36E-03
-5.65E-03
-5.94E-03
-6.24E-03
-6.52E-03
-6.81E-03
-7.12E-03
-7.41E-03
-7.70E-03
-7.97E-03
-8.26E-03
-8.53E-03
-8.81E-03
-9.08E-03
-9.35E-03
-9.61E-03
-9.88E-03
-1.013E-02
-1.040E-02
-1.064E-02
-1.088E-02
-1.111E-02
-1.134E-02
-1.155E-02
-1.175E-02
-1.193E-02
-1.209E-02
-1.224E-02
-1.238E-02
-1.251E-02
-1.263E-02
-1.273E-02
-1.283E-02
-1.291E-02
-1.298E-02
-1.304E-02
-1.308E-02
-1.311E-02
-1.314E-02
-1.315E-02
-1.315E-02
-1.313E-02
-1.311E-02
-1.308E-02
-1.304E-02
-1.301E-02
-1.297E-02
-1.293E-02
-1.289E-02
-1.286E-02
-1.283E-02
-1.279E-02
-1.276E-02
-1.272E-02
-1.270E-02
-1.267E-02
-1.265E-02
-1.261E-02
-1.258E-02
-1.255E-02
-1.251E-02
-1.250E-02
-1.248E-02
-1.247E-02
-1.247E-02
-1.246E-02
-1.247E-02
-1.247E-02
-1.247E-02
-1.246E-02
-1.247E-02
-1.248E-02
-1.248E-02
-1.248E-02
-1.248E-02
-1.247E-02
-1.247E-02
-1.247E-02
-1.247E-02
-1.247E-02
-1.249E-02
-1.249E-02
-1.249E-02
-1.249E-02
-1.249E-02
-1.247E-02
-1.247E-02
-1.245E-02
-1.244E-02
-1.241E-02
-1.238E-02
-1.234E-02
-1.231E-02
-1.227E-02
-1.222E-02
-1.217E-02
-1.212E-02
-1.206E-02
-1.199E-02
-1.192E-02
-1.183E-02
-1.172E-02
-1.163E-02
-1.152E-02
-1.141E-02
-1.127E-02
-1.115E-02
-1.099E-02
-1.085E-02
-1.071E-02
-1.054E-02
-1.038E-02
-1.021E-02
-1.003E-02
-9.84E-03
-9.65E-03
-9.44E-03
-9.23E-03
-9.02E-03
-8.80E-03
-8.57E-03
-8.33E-03
-8.11E-03
-7.86E-03
-7.62E-03
-7.39E-03
-7.15E-03
-6.90E-03
-6.67E-03
-6.43E-03
-6.20E-03
-5.96E-03
-5.72E-03
-5.49E-03
-5.27E-03
-5.04E-03
-4.84E-03
-4.63E-03
-4.44E-03
-4.25E-03
-4.09E-03
-3.92E-03
-3.76E-03
-3.61E-03
-3.48E-03
-3.34E-03
-3.23E-03
-3.10E-03
-2.99E-03
-2.88E-03
-2.78E-03
-2.69E-03
-2.60E-03
-2.51E-03
-2.43E-03
-2.35E-03
-2.28E-03
-2.21E-03
-2.13E-03
-2.03E-03
-1.96E-03
-1.86E-03
-1.77E-03
-1.66E-03
-1.56E-03
-1.44E-03
-1.33E-03
-1.20E-03
-1.07E-03
-9.3E-04
-8.1E-04
-6.8E-04
-5.4E-04
-4.0E-04
-2.5E-04
-9E-05
5E-05
2.1E-04
3.6E-04
5.1E-04
6.7E-04
8.3E-04
9.8E-04
1.13E-03
1.28E-03
1.43E-03
1.55E-03
1.70E-03
1.82E-03
1.94E-03
2.07E-03
2.20E-03
2.31E-03
2.45E-03
2.56E-03
2.68E-03
2.80E-03
2.93E-03
3.04E-03
3.15E-03
3.28E-03
3.39E-03
3.49E-03
3.60E-03
3.70E-03
3.80E-03
3.92E-03
4.03E-03
4.14E-03
4.25E-03
4.35E-03
4.45E-03
4.55E-03
4.65E-03
4.74E-03
4.83E-03
4.91E-03
4.98E-03
5.04E-03
5.10E-03
5.14E-03
5.17E-03
5.21E-03
5.24E-03
5.26E-03
5.27E-03
5.27E-03
5.27E-03
5.25E-03
5.24E-03
5.21E-03
5.18E-03
5.14E-03
5.09E-03
5.01E-03
4.95E-03
4.87E-03
4.80E-03
4.73E-03
4.65E-03
4.57E-03
4.49E-03
4.41E-03
4.33E-03
4.23E-03
4.15E-03
4.06E-03
3.98E-03
3.88E-03
3.80E-03
3.70E-03
3.61E-03
3.51E-03
3.42E-03
3.33E-03
3.25E-03
3.15E-03
3.06E-03
2.97E-03
2.87E-03
2.77E-03
2.68E-03
2.57E-03
2.48E-03
2.37E-03
2.27E-03
2.16E-03
2.05E-03
1.93E-03
1.82E-03
1.72E-03
1.62E-03
1.51E-03
1.42E-03
1.32E-03
1.21E-03
1.12E-03
1.04E-03
9.5E-04
8.7E-04
8.0E-04
7.4E-04
6.7E-04
6.2E-04
5.7E-04
5.2E-04
5.0E-04
4.8E-04
4.6E-04
4.6E-04
4.5E-04
4.6E-04
4.6E-04
4.8E-04
4.9E-04
5.1E-04
5.4E-04
5.8E-04
5.9E-04
6.2E-04
6.4E-04
6.6E-04
6.8E-04
7.0E-04
7.0E-04
7.1E-04
7.0E-04
6.8E-04
6.5E-04
6.3E-04
5.7E-04
5.1E-04
4.4E-04
3.7E-04
2.8E-04
1.9E-04
7E-05
-5E-05
-1.7E-04
-3.1E-04
-4.6E-04
-6.1E-04
-7.7E-04
-9.4E-04
-1.12E-03
-1.28E-03
-1.48E-03
-1.65E-03
-1.84E-03
-2.00E-03
-2.18E-03
-2.33E-03
-2.50E-03
-2.65E-03
-2.79E-03
-2.93E-03
-3.05E-03
-3.16E-03
-3.28E-03
-3.38E-03
-3.47E-03
-3.53E-03
-3.62E-03
-3.67E-03
-3.72E-03
-3.75E-03
-3.78E-03
-3.79E-03
-3.81E-03
-3.82E-03
-3.82E-03
-3.83E-03
-3.83E-03
-3.83E-03
-3.85E-03
-3.85E-03
-3.87E-03
-3.87E-03
-3.90E-03
-3.92E-03
-3.95E-03
-3.98E-03
-4.02E-03
-4.05E-03
-4.09E-03
-4.14E-03
-4.19E-03
-4.24E-03
-4.30E-03
-4.37E-03
-4.43E-03
-4.49E-03
-4.56E-03
-4.60E-03
-4.67E-03
-4.73E-03
-4.77E-03
-4.80E-03
-4.84E-03
-4.85E-03
-4.88E-03
-4.89E-03
-4.89E-03
-4.88E-03
-4.88E-03
-4.86E-03
-4.85E-03
-4.83E-03
-4.80E-03
-4.76E-03
-4.74E-03
-4.71E-03
-4.66E-03
-4.62E-03
-4.59E-03
-4.56E-03
-4.53E-03
-4.51E-03
-4.49E-03
-4.47E-03
-4.47E-03
-4.46E-03
-4.47E-03
-4.49E-03
-4.51E-03
-4.52E-03
-4.56E-03
-4.60E-03
-4.65E-03
-4.70E-03
-4.76E-03
-4.82E-03
-4.89E-03
-4.96E-03
-5.04E-03
-5.12E-03
-5.21E-03
-5.30E-03
-5.39E-03
-5.49E-03
-5.58E-03
-5.67E-03
-5.77E-03
-5.86E-03
-5.95E-03
-6.03E-03
-6.12E-03
-6.20E-03
-6.28E-03
-6.35E-03
-6.41E-03
-6.46E-03
-6.52E-03
-6.57E-03
-6.61E-03
-6.63E-03
-6.64E-03
-6.63E-03
-6.63E-03
-6.60E-03
-6.56E-03
-6.49E-03
-6.43E-03
-6.34E-03
-6.25E-03
-6.14E-03
-6.02E-03
-5.88E-03
-5.73E-03
-5.58E-03
-5.41E-03
-5.23E-03
-5.04E-03
-4.84E-03
-4.64E-03
-4.43E-03
-4.22E-03
-4.01E-03
-3.80E-03
-3.59E-03
-3.38E-03
-3.18E-03
-2.98E-03
-2.79E-03
-2.62E-03
-2.45E-03
-2.29E-03
-2.14E-03
-2.01E-03
-1.88E-03
-1.78E-03
-1.68E-03
-1.60E-03
-1.54E-03
-1.50E-03
-1.46E-03
-1.45E-03
-1.45E-03
-1.46E-03
-1.48E-03
-1.53E-03
-1.57E-03
-1.64E-03
-1.72E-03
-1.80E-03
-1.87E-03
-1.98E-03
-2.08E-03
-2.18E-03
-2.29E-03
-2.40E-03
-2.52E-03
-2.63E-03
-2.74E-03
-2.85E-03
-2.94E-03
-3.04E-03
-3.11E-03
-3.20E-03
-3.26E-03
-3.31E-03
-3.34E-03
-3.37E-03
-3.38E-03
-3.38E-03
-3.36E-03
-3.33E-03
-3.29E-03
-3.23E-03
-3.15E-03
-3.06E-03
-2.96E-03
-2.85E-03
-2.71E-03
-2.59E-03
-2.43E-03
-2.28E-03
-2.12E-03
-1.96E-03
-1.79E-03
-1.61E-03
-1.45E-03
-1.28E-03
-1.12E-03
-9.8E-04
-8.2E-04
-6.8E-04
-5.3E-04
-4.2E-04
-3.0E-04
-1.9E-04
-1.0E-04
-1E-05
7E-05
1.3E-04
2.0E-04
2.4E-04
2.9E-04
3.1E-04
3.4E-04
3.5E-04
3.6E-04
3.8E-04
3.9E-04
4.0E-04
4.1E-04
4.1E-04
4.2E-04
4.2E-04
4.4E-04
