-2.8746E-01
-2.8739E-01
-2.8736E-01
-2.8730E-01
-2.8727E-01
-2.8717E-01
-2.8712E-01
-2.8703E-01
-2.8693E-01
-2.8684E-01
-2.8678E-01
-2.8667E-01
-2.8659E-01
-2.8649E-01
-2.8641E-01
-2.8632E-01
-2.8630E-01
-2.8621E-01
-2.8618E-01
-2.8614E-01
-2.8616E-01
-2.8614E-01
-2.8618E-01
-2.8619E-01
-2.8624E-01
-2.8632E-01
-2.8643E-01
-2.8651E-01
-2.8663E-01
-2.8674E-01
-2.8687E-01
-2.8700E-01
-2.8717E-01
-2.8728E-01
-2.8744E-01
-2.8758E-01
-2.8772E-01
-2.8784E-01
-2.8796E-01
-2.8804E-01
-2.8812E-01
-2.8818E-01
-2.8825E-01
-2.8826E-01
-2.8828E-01
-2.8825E-01
-2.8820E-01
-2.8814E-01
-2.8810E-01
-2.8796E-01
-2.8787E-01
-2.8774E-01
-2.8761E-01
-2.8744E-01
-2.8730E-01
-2.8711E-01
-2.8693E-01
-2.8678E-01
-2.8662E-01
-2.8644E-01
-2.8630E-01
-2.8614E-01
-2.8602E-01
-2.8589E-01
-2.8583E-01
-2.8572E-01
-2.8567E-01
-2.8562E-01
-2.8562E-01
-2.8561E-01
-2.8564E-01
-2.8564E-01
-2.8569E-01
-2.8575E-01
-2.8584E-01
-2.8592E-01
-2.8603E-01
-2.8613E-01
-2.8624E-01
-2.8633E-01
-2.8649E-01
-2.8657E-01
-2.8670E-01
-2.8681E-01
-2.8692E-01
-2.8700E-01
-2.8711E-01
-2.8717E-01
-2.8723E-01
-2.8730E-01
-2.8736E-01
-2.8738E-01
-2.8741E-01
-2.8741E-01
-2.8741E-01
-2.8738E-01
-2.8739E-01
-2.8733E-01
-2.8730E-01
-2.8727E-01
-2.8723E-01
-2.8717E-01
-2.8712E-01
-2.8706E-01
-2.8700E-01
-2.8695E-01
-2.8692E-01
-2.8684E-01
-2.8682E-01
-2.8676E-01
-2.8671E-01
-2.8668E-01
-2.8668E-01
-2.8663E-01
-2.8662E-01
-2.8662E-01
-2.8663E-01
-2.8662E-01
-2.8663E-01
-2.8663E-01
-2.8663E-01
-2.8667E-01
-2.8670E-01
-2.8671E-01
-2.8676E-01
-2.8676E-01
-2.8679E-01
-2.8681E-01
-2.8686E-01
-2.8686E-01
-2.8687E-01
-2.8689E-01
-2.8693E-01
-2.8692E-01
-2.8695E-01
-2.8693E-01
-2.8693E-01
-2.8693E-01
-2.8695E-01
-2.8693E-01
-2.8693E-01
-2.8692E-01
-2.8690E-01
-2.8689E-01
-2.8692E-01
-2.8687E-01
-2.8687E-01
-2.8687E-01
-2.8689E-01
-2.8689E-01
-2.8692E-01
-2.8692E-01
-2.8693E-01
-2.8698E-01
-2.8705E-01
-2.8708E-01
-2.8716E-01
-2.8722E-01
-2.8730E-01
-2.8738E-01
-2.8752E-01
-2.8760E-01
-2.8772E-01
-2.8785E-01
-2.8799E-01
-2.8812E-01
-2.8828E-01
-2.8842E-01
-2.8856E-01
-2.8872E-01
-2.8888E-01
-2.8902E-01
-2.8918E-01
-2.8929E-01
-2.8942E-01
-2.8953E-01
-2.8967E-01
-2.8973E-01
-2.8981E-01
-2.8987E-01
-2.8994E-01
-2.8995E-01
-2.8999E-01
-2.8997E-01
-2.8994E-01
-2.8991E-01
-2.8986E-01
-2.8978E-01
-2.8970E-01
-2.8957E-01
-2.8945E-01
-2.8929E-01
-2.8918E-01
-2.8897E-01
-2.8882E-01
-2.8863E-01
-2.8847E-01
-2.8825E-01
-2.8807E-01
-2.8787E-01
-2.8766E-01
-2.8749E-01
-2.8733E-01
-2.8714E-01
-2.8698E-01
-2.8681E-01
-2.8667E-01
-2.8652E-01
-2.8644E-01
-2.8630E-01
-2.8622E-01
-2.8614E-01
-2.8610E-01
-2.8603E-01
-2.8602E-01
-2.8597E-01
-2.8595E-01
-2.8597E-01
-2.8600E-01
-2.8602E-01
-2.8607E-01
-2.8608E-01
-2.8613E-01
-2.8618E-01
-2.8627E-01
-2.8629E-01
-2.8635E-01
-2.8641E-01
-2.8648E-01
-2.8652E-01
-2.8659E-01
-2.8662E-01
-2.8663E-01
-2.8668E-01
-2.8673E-01
-2.8673E-01
-2.8674E-01
-2.8674E-01
-2.8673E-01
-2.8671E-01
-2.8673E-01
-2.8667E-01
-2.8663E-01
-2.8660E-01
-2.8657E-01
-2.8651E-01
-2.8648E-01
-2.8641E-01
-2.8635E-01
-2.8630E-01
-2.8627E-01
-2.8621E-01
-2.8619E-01
-2.8613E-01
-2.8610E-01
-2.8605E-01
-2.8607E-01
-2.8602E-01
-2.8602E-01
-2.8600E-01
-2.8603E-01
-2.8602E-01
-2.8607E-01
-2.8607E-01
-2.8610E-01
-2.8614E-01
-2.8619E-01
-2.8622E-01
-2.8629E-01
-2.8633E-01
-2.8638E-01
-2.8643E-01
-2.8651E-01
-2.8652E-01
-2.8657E-01
-2.8662E-01
-2.8667E-01
-2.8668E-01
-2.8673E-01
-2.8673E-01
-2.8673E-01
-2.8674E-01
-2.8674E-01
-2.8671E-01
-2.8670E-01
-2.8665E-01
-2.8662E-01
-2.8656E-01
-2.8654E-01
-2.8644E-01
-2.8638E-01
-2.8630E-01
-2.8625E-01
-2.8614E-01
-2.8608E-01
-2.8599E-01
-2.8589E-01
-2.8581E-01
-2.8573E-01
-2.8564E-01
-2.8556E-01
-2.8546E-01
-2.8539E-01
-2.8531E-01
-2.8527E-01
-2.8516E-01
-2.8512E-01
-2.8507E-01
-2.8504E-01
-2.8499E-01
-2.8497E-01
-2.8494E-01
-2.8491E-01
-2.8491E-01
-2.8493E-01
-2.8491E-01
-2.8494E-01
-2.8494E-01
-2.8496E-01
-2.8497E-01
-2.8505E-01
-2.8505E-01
-2.8510E-01
-2.8515E-01
-2.8521E-01
-2.8524E-01
-2.8532E-01
-2.8535E-01
-2.8540E-01
-2.8546E-01
-2.8553E-01
-2.8556E-01
-2.8562E-01
-2.8565E-01
-2.8570E-01
-2.8575E-01
-2.8583E-01
-2.8583E-01
-2.8588E-01
-2.8591E-01
-2.8597E-01
-2.8599E-01
-2.8603E-01
-2.8603E-01
-2.8605E-01
-2.8610E-01
-2.8613E-01
-2.8613E-01
-2.8618E-01
-2.8618E-01
-2.8619E-01
-2.8621E-01
-2.8625E-01
-2.8624E-01
-2.8625E-01
-2.8627E-01
-2.8629E-01
-2.8627E-01
-2.8629E-01
-2.8627E-01
-2.8624E-01
-2.8622E-01
-2.8622E-01
-2.8618E-01
-2.8614E-01
-2.8608E-01
-2.8603E-01
-2.8597E-01
-2.8592E-01
-2.8583E-01
-2.8575E-01
-2.8567E-01
-2.8561E-01
-2.8550E-01
-2.8543E-01
-2.8532E-01
-2.8523E-01
-2.8516E-01
-2.8510E-01
-2.8502E-01
-2.8499E-01
-2.8493E-01
-2.8490E-01
-2.8488E-01
-2.8491E-01
-2.8491E-01
-2.8496E-01
-2.8501E-01
-2.8510E-01
-2.8518E-01
-2.8529E-01
-2.8540E-01
-2.8553E-01
-2.8569E-01
-2.8586E-01
-2.8602E-01
-2.8621E-01
-2.8637E-01
-2.8654E-01
-2.8671E-01
-2.8692E-01
-2.8705E-01
-2.8722E-01
-2.8736E-01
-2.8752E-01
-2.8761E-01
-2.8774E-01
-2.8780E-01
-2.8787E-01
-2.8793E-01
-2.8798E-01
-2.8798E-01
-2.8801E-01
-2.8798E-01
-2.8796E-01
-2.8791E-01
-2.8791E-01
-2.8784E-01
-2.8779E-01
-2.8774E-01
-2.8772E-01
-2.8766E-01
-2.8765E-01
-2.8760E-01
-2.8757E-01
-2.8757E-01
-2.8760E-01
-2.8760E-01
-2.8766E-01
-2.8769E-01
-2.8774E-01
-2.8782E-01
-2.8793E-01
-2.8799E-01
-2.8810E-01
-2.8822E-01
-2.8836E-01
-2.8845E-01
-2.8859E-01
-2.8869E-01
-2.8880E-01
-2.8893E-01
-2.8904E-01
-2.8912E-01
-2.8923E-01
-2.8927E-01
-2.8932E-01
-2.8935E-01
-2.8942E-01
-2.8940E-01
-2.8940E-01
-2.8938E-01
-2.8935E-01
-2.8929E-01
-2.8924E-01
-2.8915E-01
-2.8905E-01
-2.8897E-01
-2.8889E-01
-2.8877E-01
-2.8867E-01
-2.8855E-01
-2.8842E-01
-2.8831E-01
-2.8822E-01
-2.8807E-01
-2.8798E-01
-2.8788E-01
-2.8780E-01
-2.8769E-01
-2.8765E-01
-2.8755E-01
-2.8749E-01
-2.8744E-01
-2.8742E-01
-2.8738E-01
-2.8736E-01
-2.8735E-01
-2.8733E-01
-2.8733E-01
-2.8738E-01
-2.8736E-01
-2.8741E-01
-2.8744E-01
-2.8750E-01
-2.8754E-01
-2.8761E-01
-2.8766E-01
-2.8771E-01
-2.8780E-01
-2.8790E-01
-2.8796E-01
-2.8806E-01
-2.8812E-01
-2.8820E-01
-2.8828E-01
-2.8840E-01
-2.8845E-01
-2.8855E-01
-2.8863E-01
-2.8872E-01
-2.8877E-01
-2.8886E-01
-2.8891E-01
-2.8896E-01
-2.8904E-01
-2.8910E-01
-2.8913E-01
-2.8920E-01
-2.8921E-01
-2.8923E-01
-2.8924E-01
-2.8927E-01
-2.8924E-01
-2.8923E-01
-2.8921E-01
-2.8920E-01
-2.8915E-01
-2.8912E-01
-2.8904E-01
-2.8896E-01
-2.8889E-01
-2.8885E-01
-2.8874E-01
-2.8866E-01
-2.8855E-01
-2.8844E-01
-2.8831E-01
-2.8823E-01
-2.8807E-01
-2.8796E-01
-2.8784E-01
-2.8772E-01
-2.8758E-01
-2.8747E-01
-2.8733E-01
-2.8720E-01
-2.8709E-01
-2.8698E-01
-2.8686E-01
-2.8676E-01
-2.8665E-01
-2.8656E-01
-2.8646E-01
-2.8641E-01
-2.8630E-01
-2.8624E-01
-2.8619E-01
-2.8616E-01
-2.8610E-01
-2.8608E-01
-2.8605E-01
-2.8602E-01
-2.8602E-01
-2.8603E-01
-2.8600E-01
-2.8603E-01
-2.8602E-01
-2.8603E-01
-2.8603E-01
-2.8607E-01
-2.8605E-01
-2.8607E-01
-2.8607E-01
-2.8608E-01
-2.8607E-01
-2.8607E-01
-2.8605E-01
-2.8602E-01
-2.8600E-01
-2.8600E-01
-2.8594E-01
-2.8592E-01
-2.8586E-01
-2.8583E-01
-2.8576E-01
-2.8575E-01
-2.8567E-01
-2.8564E-01
-2.8559E-01
-2.8556E-01
-2.8551E-01
-2.8550E-01
-2.8545E-01
-2.8542E-01
-2.8542E-01
-2.8542E-01
-2.8540E-01
-2.8542E-01
-2.8540E-01
-2.8542E-01
-2.8542E-01
-2.8548E-01
-2.8546E-01
-2.8550E-01
-2.8551E-01
-2.8554E-01
-2.8554E-01
-2.8558E-01
-2.8554E-01
-2.8553E-01
-2.8553E-01
-2.8551E-01
-2.8543E-01
-2.8540E-01
-2.8531E-01
-2.8521E-01
-2.8509E-01
-2.8499E-01
-2.8482E-01
-2.8467E-01
-2.8450E-01
-2.8433E-01
-2.8412E-01
-2.8393E-01
-2.8371E-01
-2.8349E-01
-2.8328E-01
-2.8308E-01
-2.8284E-01
-2.8265E-01
-2.8245E-01
-2.8226E-01
-2.8208E-01
-2.8197E-01
-2.8181E-01
-2.8170E-01
-2.8162E-01
-2.8158E-01
-2.8153E-01
-2.8154E-01
-2.8154E-01
-2.8158E-01
-2.8165E-01
-2.8177E-01
-2.8186E-01
-2.8202E-01
-2.8214E-01
-2.8232E-01
-2.8251E-01
-2.8275E-01
-2.8292E-01
-2.8314E-01
-2.8336E-01
-2.8360E-01
-2.8379E-01
-2.8401E-01
-2.8420E-01
-2.8437E-01
-2.8456E-01
-2.8474E-01
-2.8486E-01
-2.8501E-01
-2.8510E-01
-2.8520E-01
-2.8526E-01
-2.8537E-01
-2.8537E-01
-2.8542E-01
-2.8543E-01
-2.8545E-01
-2.8542E-01
-2.8542E-01
-2.8539E-01
-2.8534E-01
-2.8532E-01
-2.8531E-01
-2.8524E-01
-2.8523E-01
-2.8520E-01
-2.8516E-01
-2.8515E-01
-2.8518E-01
-2.8513E-01
-2.8515E-01
-2.8516E-01
-2.8521E-01
-2.8523E-01
-2.8527E-01
-2.8529E-01
-2.8532E-01
-2.8537E-01
-2.8543E-01
-2.8545E-01
-2.8551E-01
-2.8553E-01
-2.8556E-01
-2.8558E-01
-2.8562E-01
-2.8559E-01
-2.8561E-01
-2.8559E-01
-2.8558E-01
-2.8553E-01
-2.8550E-01
-2.8543E-01
-2.8535E-01
-2.8529E-01
-2.8521E-01
-2.8512E-01
-2.8504E-01
-2.8493E-01
-2.8483E-01
-2.8474E-01
-2.8467E-01
-2.8456E-01
-2.8450E-01
-2.8444E-01
-2.8439E-01
-2.8433E-01
-2.8431E-01
-2.8428E-01
-2.8426E-01
-2.8428E-01
-2.8433E-01
-2.8434E-01
-2.8442E-01
-2.8447E-01
-2.8456E-01
-2.8464E-01
-2.8478E-01
-2.8488E-01
-2.8502E-01
-2.8516E-01
-2.8532E-01
-2.8546E-01
-2.8564E-01
-2.8578E-01
-2.8592E-01
-2.8610E-01
-2.8627E-01
-2.8643E-01
-2.8660E-01
-2.8674E-01
-2.8690E-01
-2.8705E-01
-2.8723E-01
-2.8736E-01
-2.8752E-01
-2.8768E-01
-2.8785E-01
-2.8798E-01
-2.8815E-01
-2.8828E-01
-2.8842E-01
-2.8859E-01
-2.8877E-01
-2.8893E-01
-2.8912E-01
-2.8926E-01
-2.8943E-01
-2.8961E-01
-2.8981E-01
-2.8997E-01
-2.9014E-01
-2.9032E-01
-2.9051E-01
-2.9065E-01
-2.9082E-01
-2.9097E-01
-2.9109E-01
-2.9123E-01
-2.9136E-01
-2.9146E-01
-2.9155E-01
-2.9161E-01
-2.9166E-01
-2.9169E-01
-2.9174E-01
-2.9171E-01
-2.9169E-01
-2.9166E-01
-2.9161E-01
-2.9152E-01
-2.9144E-01
-2.9131E-01
-2.9119E-01
-2.9106E-01
-2.9093E-01
-2.9078E-01
-2.9065E-01
-2.9048E-01
-2.9032E-01
-2.9016E-01
-2.9005E-01
-2.8987E-01
-2.8976E-01
-2.8964E-01
-2.8956E-01
-2.8945E-01
-2.8940E-01
-2.8934E-01
-2.8931E-01
-2.8929E-01
-2.8932E-01
-2.8934E-01
-2.8942E-01
-2.8946E-01
-2.8954E-01
-2.8964E-01
-2.8978E-01
-2.8987E-01
-2.9003E-01
-2.9018E-01
-2.9035E-01
-2.9049E-01
-2.9067E-01
-2.9081E-01
-2.9097E-01
-2.9114E-01
-2.9131E-01
-2.9144E-01
-2.9160E-01
-2.9171E-01
-2.9182E-01
-2.9190E-01
-2.9201E-01
-2.9206E-01
-2.9210E-01
-2.9215E-01
-2.9218E-01
-2.9217E-01
-2.9217E-01
-2.9214E-01
-2.9209E-01
-2.9204E-01
-2.9199E-01
-2.9190E-01
-2.9182E-01
-2.9171E-01
-2.9160E-01
-2.9146E-01
-2.9136E-01
-2.9120E-01
-2.9106E-01
-2.9092E-01
-2.9078E-01
-2.9062E-01
-2.9048E-01
-2.9030E-01
-2.9013E-01
-2.8999E-01
-2.8984E-01
-2.8969E-01
-2.8954E-01
-2.8938E-01
-2.8923E-01
-2.8907E-01
-2.8896E-01
-2.8878E-01
-2.8864E-01
-2.8852E-01
-2.8839E-01
-2.8825E-01
-2.8815E-01
-2.8801E-01
-2.8790E-01
-2.8780E-01
-2.8771E-01
-2.8761E-01
-2.8754E-01
-2.8744E-01
-2.8736E-01
-2.8728E-01
-2.8725E-01
-2.8716E-01
-2.8712E-01
-2.8708E-01
-2.8705E-01
-2.8700E-01
-2.8698E-01
-2.8693E-01
-2.8690E-01
-2.8689E-01
-2.8687E-01
-2.8684E-01
-2.8684E-01
-2.8679E-01
-2.8676E-01
-2.8673E-01
-2.8671E-01
-2.8665E-01
-2.8660E-01
-2.8656E-01
-2.8652E-01
-2.8644E-01
-2.8640E-01
-2.8630E-01
-2.8622E-01
-2.8614E-01
-2.8607E-01
-2.8595E-01
-2.8586E-01
-2.8575E-01
-2.8562E-01
-2.8551E-01
-2.8542E-01
-2.8527E-01
-2.8516E-01
-2.8504E-01
-2.8494E-01
-2.8480E-01
-2.8471E-01
-2.8458E-01
-2.8447E-01
-2.8437E-01
-2.8428E-01
-2.8417E-01
-2.8409E-01
-2.8398E-01
-2.8388E-01
-2.8380E-01
-2.8376E-01
-2.8365E-01
-2.8357E-01
-2.8350E-01
-2.8344E-01
-2.8336E-01
-2.8331E-01
-2.8322E-01
-2.8314E-01
-2.8308E-01
-2.8301E-01
-2.8292E-01
-2.8286E-01
-2.8275E-01
-2.8267E-01
-2.8257E-01
-2.8251E-01
-2.8237E-01
-2.8227E-01
-2.8216E-01
-2.8207E-01
-2.8194E-01
-2.8184E-01
-2.8170E-01
-2.8158E-01
-2.8145E-01
-2.8134E-01
-2.8120E-01
-2.8109E-01
-2.8094E-01
-2.8082E-01
-2.8069E-01
-2.8061E-01
-2.8045E-01
-2.8036E-01
-2.8026E-01
-2.8018E-01
-2.8007E-01
-2.8001E-01
-2.7993E-01
-2.7985E-01
-2.7979E-01
-2.7976E-01
-2.7968E-01
-2.7966E-01
-2.7960E-01
-2.7958E-01
-2.7955E-01
-2.7957E-01
-2.7954E-01
-2.7954E-01
-2.7954E-01
-2.7957E-01
-2.7955E-01
-2.7958E-01
-2.7958E-01
-2.7958E-01
-2.7960E-01
-2.7963E-01
-2.7962E-01
-2.7965E-01
-2.7963E-01
-2.7965E-01
-2.7965E-01
-2.7969E-01
-2.7968E-01
-2.7969E-01
-2.7971E-01
-2.7974E-01
-2.7974E-01
-2.7977E-01
-2.7979E-01
-2.7981E-01
-2.7984E-01
-2.7990E-01
-2.7992E-01
-2.7999E-01
-2.8004E-01
-2.8012E-01
-2.8020E-01
-2.8033E-01
-2.8041E-01
-2.8053E-01
-2.8067E-01
-2.8083E-01
-2.8096E-01
-2.8115E-01
-2.8129E-01
-2.8147E-01
-2.8165E-01
-2.8184E-01
-2.8202E-01
-2.8222E-01
-2.8240E-01
-2.8259E-01
-2.8278E-01
-2.8301E-01
-2.8317E-01
-2.8336E-01
-2.8354E-01
-2.8373E-01
-2.8388E-01
-2.8406E-01
-2.8418E-01
-2.8431E-01
-2.8445E-01
-2.8460E-01
-2.8471E-01
-2.8483E-01
-2.8493E-01
-2.8502E-01
-2.8513E-01
-2.8526E-01
-2.8534E-01
-2.8543E-01
-2.8554E-01
-2.8565E-01
-2.8573E-01
-2.8584E-01
-2.8592E-01
-2.8602E-01
-2.8613E-01
-2.8625E-01
-2.8633E-01
-2.8646E-01
-2.8656E-01
-2.8668E-01
-2.8679E-01
-2.8695E-01
-2.8703E-01
-2.8717E-01
-2.8730E-01
-2.8744E-01
-2.8754E-01
-2.8768E-01
-2.8779E-01
-2.8791E-01
-2.8804E-01
-2.8818E-01
-2.8831E-01
-2.8845E-01
-2.8858E-01
-2.8872E-01
-2.8886E-01
-2.8905E-01
-2.8918E-01
-2.8935E-01
-2.8953E-01
-2.8973E-01
-2.8989E-01
-2.9010E-01
-2.9029E-01
-2.9048E-01
-2.9070E-01
-2.9093E-01
-2.9114E-01
-2.9139E-01
-2.9161E-01
-2.9184E-01
-2.9206E-01
-2.9233E-01
-2.9251E-01
-2.9274E-01
-2.9294E-01
-2.9316E-01
-2.9332E-01
-2.9351E-01
-2.9365E-01
-2.9380E-01
-2.9392E-01
-2.9406E-01
-2.9414E-01
-2.9424E-01
-2.9429E-01
-2.9433E-01
-2.9435E-01
-2.9440E-01
-2.9435E-01
-2.9435E-01
-2.9432E-01
-2.9430E-01
-2.9422E-01
-2.9419E-01
-2.9411E-01
-2.9403E-01
-2.9398E-01
-2.9395E-01
-2.9389E-01
-2.9386E-01
-2.9381E-01
-2.9376E-01
-2.9373E-01
-2.9375E-01
-2.9370E-01
-2.9372E-01
-2.9373E-01
-2.9376E-01
-2.9378E-01
-2.9384E-01
-2.9387E-01
-2.9392E-01
-2.9400E-01
-2.9411E-01
-2.9417E-01
-2.9430E-01
-2.9438E-01
-2.9447E-01
-2.9455E-01
-2.9468E-01
-2.9474E-01
-2.9485E-01
-2.9495E-01
-2.9506E-01
-2.9512E-01
-2.9522E-01
-2.9528E-01
-2.9534E-01
-2.9542E-01
-2.9552E-01
-2.9557E-01
-2.9564E-01
-2.9569E-01
-2.9572E-01
-2.9576E-01
-2.9580E-01
-2.9579E-01
-2.9582E-01
-2.9582E-01
-2.9583E-01
-2.9582E-01
-2.9582E-01
-2.9577E-01
-2.9574E-01
-2.9571E-01
-2.9569E-01
-2.9563E-01
-2.9560E-01
-2.9550E-01
-2.9541E-01
-2.9531E-01
-2.9523E-01
-2.9508E-01
-2.9496E-01
-2.9482E-01
-2.9470E-01
-2.9454E-01
-2.9440E-01
-2.9421E-01
-2.9403E-01
-2.9387E-01
-2.9372E-01
-2.9353E-01
-2.9337E-01
-2.9316E-01
-2.9296E-01
-2.9275E-01
-2.9258E-01
-2.9234E-01
-2.9214E-01
-2.9193E-01
-2.9174E-01
-2.9152E-01
-2.9134E-01
-2.9112E-01
-2.9092E-01
-2.9074E-01
-2.9055E-01
-2.9035E-01
-2.9018E-01
-2.8997E-01
-2.8976E-01
-2.8954E-01
-2.8937E-01
-2.8912E-01
-2.8891E-01
-2.8869E-01
-2.8850E-01
-2.8826E-01
-2.8804E-01
-2.8780E-01
-2.8757E-01
-2.8733E-01
-2.8711E-01
-2.8684E-01
-2.8660E-01
-2.8633E-01
-2.8607E-01
-2.8578E-01
-2.8553E-01
-2.8521E-01
-2.8493E-01
-2.8464E-01
-2.8437E-01
-2.8407E-01
-2.8380E-01
-2.8350E-01
-2.8322E-01
-2.8294E-01
-2.8267E-01
-2.8237E-01
-2.8211E-01
-2.8181E-01
-2.8153E-01
-2.8124E-01
-2.8101E-01
-2.8071E-01
-2.8045E-01
-2.8020E-01
-2.7998E-01
-2.7974E-01
-2.7954E-01
-2.7930E-01
-2.7908E-01
-2.7889E-01
-2.7870E-01
-2.7849E-01
-2.7834E-01
-2.7815E-01
-2.7799E-01
-2.7781E-01
-2.7770E-01
-2.7753E-01
-2.7740E-01
-2.7728E-01
-2.7718E-01
-2.7705E-01
-2.7698E-01
-2.7685E-01
-2.7674E-01
-2.7664E-01
-2.7655E-01
-2.7642E-01
-2.7634E-01
-2.7620E-01
-2.7609E-01
-2.7596E-01
-2.7588E-01
-2.7571E-01
-2.7558E-01
-2.7543E-01
-2.7530E-01
-2.7513E-01
-2.7497E-01
-2.7478E-01
-2.7457E-01
-2.7437E-01
-2.7416E-01
-2.7391E-01
-2.7369E-01
-2.7342E-01
-2.7318E-01
-2.7293E-01
-2.7271E-01
-2.7241E-01
-2.7215E-01
-2.7190E-01
-2.7166E-01
-2.7140E-01
-2.7117E-01
-2.7092E-01
-2.7068E-01
-2.7046E-01
-2.7026E-01
-2.7004E-01
-2.6985E-01
-2.6966E-01
-2.6951E-01
-2.6937E-01
-2.6929E-01
-2.6917E-01
-2.6910E-01
-2.6906E-01
-2.6904E-01
-2.6902E-01
-2.6906E-01
-2.6907E-01
-2.6912E-01
-2.6920E-01
-2.6929E-01
-2.6937E-01
-2.6950E-01
-2.6963E-01
-2.6978E-01
-2.6996E-01
-2.7019E-01
-2.7035E-01
-2.7057E-01
-2.7079E-01
-2.7105E-01
-2.7125E-01
-2.7151E-01
-2.7173E-01
-2.7195E-01
-2.7217E-01
-2.7241E-01
-2.7260E-01
-2.7280E-01
-2.7299E-01
-2.7318E-01
-2.7337E-01
-2.7359E-01
-2.7372E-01
-2.7389E-01
-2.7404E-01
-2.7421E-01
-2.7432E-01
-2.7446E-01
-2.7457E-01
-2.7467E-01
-2.7478E-01
-2.7489E-01
-2.7497E-01
-2.7509E-01
-2.7517E-01
-2.7532E-01
-2.7544E-01
-2.7562E-01
-2.7574E-01
-2.7592E-01
-2.7611E-01
-2.7631E-01
-2.7650E-01
-2.7674E-01
-2.7696E-01
-2.7721E-01
-2.7748E-01
-2.7777E-01
-2.7803E-01
-2.7835E-01
-2.7867E-01
-2.7900E-01
-2.7935E-01
-2.7976E-01
-2.8009E-01
-2.8048E-01
-2.8086E-01
-2.8126E-01
-2.8162E-01
-2.8200E-01
-2.8237E-01
-2.8273E-01
-2.8309E-01
-2.8347E-01
-2.8380E-01
-2.8418E-01
-2.8452E-01
-2.8486E-01
-2.8520E-01
-2.8558E-01
-2.8589E-01
-2.8624E-01
-2.8657E-01
-2.8690E-01
-2.8722E-01
-2.8755E-01
-2.8785E-01
-2.8817E-01
-2.8850E-01
-2.8885E-01
-2.8916E-01
-2.8953E-01
-2.8984E-01
-2.9021E-01
-2.9055E-01
-2.9097E-01
-2.9130E-01
-2.9169E-01
-2.9207E-01
-2.9247E-01
-2.9285E-01
-2.9324E-01
-2.9362E-01
-2.9402E-01
-2.9443E-01
-2.9487E-01
-2.9527E-01
-2.9571E-01
-2.9610E-01
-2.9653E-01
-2.9694E-01
-2.9740E-01
-2.9779E-01
-2.9822E-01
-2.9863E-01
-2.9906E-01
-2.9944E-01
-2.9985E-01
-3.0023E-01
-3.0061E-01
-3.0100E-01
-3.0140E-01
-3.0176E-01
-3.0214E-01
-3.0249E-01
-3.0282E-01
-3.0312E-01
-3.0347E-01
-3.0372E-01
-3.0401E-01
-3.0428E-01
-3.0453E-01
-3.0472E-01
-3.0492E-01
-3.0508E-01
-3.0524E-01
-3.0540E-01
-3.0557E-01
-3.0568E-01
-3.0582E-01
-3.0590E-01
-3.0598E-01
-3.0605E-01
-3.0614E-01
-3.0617E-01
-3.0624E-01
-3.0628E-01
-3.0636E-01
-3.0638E-01
-3.0646E-01
-3.0649E-01
-3.0657E-01
-3.0666E-01
-3.0679E-01
-3.0690E-01
-3.0706E-01
-3.0718E-01
-3.0733E-01
-3.0747E-01
-3.0766E-01
-3.0780E-01
-3.0797E-01
-3.0816E-01
-3.0835E-01
-3.0851E-01
-3.0872E-01
-3.0886E-01
-3.0903E-01
-3.0921E-01
-3.0940E-01
-3.0954E-01
-3.0968E-01
-3.0976E-01
-3.0982E-01
-3.0986E-01
-3.0989E-01
-3.0984E-01
-3.0979E-01
-3.0971E-01
-3.0963E-01
-3.0948E-01
-3.0932E-01
-3.0911E-01
-3.0889E-01
-3.0867E-01
-3.0845E-01
-3.0818E-01
-3.0791E-01
-3.0758E-01
-3.0725E-01
-3.0688E-01
-3.0654E-01
-3.0613E-01
-3.0575E-01
-3.0537E-01
-3.0499E-01
-3.0456E-01
-3.0418E-01
-3.0375E-01
-3.0336E-01
-3.0296E-01
-3.0260E-01
-3.0219E-01
-3.0183E-01
-3.0140E-01
-3.0096E-01
-3.0051E-01
-3.0010E-01
-2.9961E-01
-2.9915E-01
-2.9870E-01
-2.9824E-01
-2.9775E-01
-2.9727E-01
-2.9677E-01
-2.9626E-01
-2.9577E-01
-2.9528E-01
-2.9476E-01
-2.9425E-01
-2.9370E-01
-2.9315E-01
-2.9259E-01
-2.9206E-01
-2.9147E-01
-2.9092E-01
-2.9038E-01
-2.8984E-01
-2.8931E-01
-2.8880E-01
-2.8826E-01
-2.8774E-01
-2.8725E-01
-2.8676E-01
-2.8627E-01
-2.8581E-01
-2.8531E-01
-2.8482E-01
-2.8431E-01
-2.8387E-01
-2.8335E-01
-2.8287E-01
-2.8238E-01
-2.8192E-01
-2.8143E-01
-2.8098E-01
-2.8048E-01
-2.7999E-01
-2.7950E-01
-2.7903E-01
-2.7851E-01
-2.7802E-01
-2.7747E-01
-2.7694E-01
-2.7639E-01
-2.7587E-01
-2.7528E-01
-2.7473E-01
-2.7418E-01
-2.7366E-01
-2.7310E-01
-2.7258E-01
-2.7203E-01
-2.7147E-01
-2.7095E-01
-2.7042E-01
-2.6986E-01
-2.6934E-01
-2.6879E-01
-2.6827E-01
-2.6773E-01
-2.6724E-01
-2.6668E-01
-2.6618E-01
-2.6566E-01
-2.6517E-01
-2.6466E-01
-2.6417E-01
-2.6367E-01
-2.6314E-01
-2.6264E-01
-2.6212E-01
-2.6156E-01
-2.6104E-01
-2.6049E-01
-2.5995E-01
-2.5941E-01
-2.5892E-01
-2.5835E-01
-2.5782E-01
-2.5729E-01
-2.5680E-01
-2.5628E-01
-2.5582E-01
-2.5532E-01
-2.5483E-01
-2.5437E-01
-2.5391E-01
-2.5344E-01
-2.5303E-01
-2.5260E-01
-2.5224E-01
-2.5189E-01
-2.5162E-01
-2.5129E-01
-2.5103E-01
-2.5080E-01
-2.5062E-01
-2.5045E-01
-2.5032E-01
-2.5020E-01
-2.5009E-01
-2.5001E-01
-2.4993E-01
-2.4983E-01
-2.4980E-01
-2.4975E-01
-2.4977E-01
-2.4980E-01
-2.4988E-01
-2.4990E-01
-2.4996E-01
-2.5002E-01
-2.5012E-01
-2.5018E-01
-2.5029E-01
-2.5036E-01
-2.5040E-01
-2.5047E-01
-2.5053E-01
-2.5053E-01
-2.5059E-01
-2.5062E-01
-2.5070E-01
-2.5078E-01
-2.5092E-01
-2.5099E-01
-2.5108E-01
-2.5119E-01
-2.5132E-01
-2.5143E-01
-2.5159E-01
-2.5171E-01
-2.5186E-01
-2.5202E-01
-2.5219E-01
-2.5233E-01
-2.5254E-01
-2.5274E-01
-2.5303E-01
-2.5333E-01
-2.5369E-01
-2.5402E-01
-2.5440E-01
-2.5478E-01
-2.5522E-01
-2.5564E-01
-2.5609E-01
-2.5655E-01
-2.5701E-01
-2.5750E-01
-2.5799E-01
-2.5846E-01
-2.5900E-01
-2.5952E-01
-2.6012E-01
-2.6073E-01
-2.6139E-01
-2.6199E-01
-2.6264E-01
-2.6329E-01
-2.6395E-01
-2.6458E-01
-2.6525E-01
-2.6589E-01
-2.6654E-01
-2.6721E-01
-2.6787E-01
-2.6850E-01
-2.6920E-01
-2.6988E-01
-2.7062E-01
-2.7136E-01
-2.7217E-01
-2.7291E-01
-2.7370E-01
-2.7448E-01
-2.7530E-01
-2.7607E-01
-2.7688E-01
-2.7767E-01
-2.7849E-01
-2.7932E-01
-2.8017E-01
-2.8099E-01
-2.8186E-01
-2.8271E-01
-2.8363E-01
-2.8453E-01
-2.8551E-01
-2.8641E-01
-2.8738E-01
-2.8831E-01
-2.8927E-01
-2.9019E-01
-2.9116E-01
-2.9209E-01
-2.9304E-01
-2.9400E-01
-2.9500E-01
-2.9595E-01
-2.9696E-01
-2.9794E-01
-2.9896E-01
-2.9998E-01
-3.0107E-01
-3.0208E-01
-3.0314E-01
-3.0420E-01
-3.0526E-01
-3.0627E-01
-3.0733E-01
-3.0835E-01
-3.0940E-01
-3.1046E-01
-3.1155E-01
-3.1261E-01
-3.1370E-01
-3.1474E-01
-3.1578E-01
-3.1681E-01
-3.1789E-01
-3.1888E-01
-3.1989E-01
-3.2089E-01
-3.2185E-01
-3.2276E-01
-3.2367E-01
-3.2454E-01
-3.2541E-01
-3.2630E-01
-3.2718E-01
-3.2802E-01
-3.2887E-01
-3.2965E-01
-3.3041E-01
-3.3113E-01
-3.3188E-01
-3.3254E-01
-3.3325E-01
-3.3393E-01
-3.3460E-01
-3.3521E-01
-3.3586E-01
-3.3648E-01
-3.3711E-01
-3.3779E-01
-3.3850E-01
-3.3918E-01
-3.3991E-01
-3.4055E-01
-3.4119E-01
-3.4179E-01
-3.4244E-01
-3.4304E-01
-3.4367E-01
-3.4430E-01
-3.4493E-01
-3.4552E-01
-3.4613E-01
-3.4672E-01
-3.4732E-01
-3.4797E-01
-3.4863E-01
-3.4928E-01
-3.4991E-01
-3.5043E-01
-3.5091E-01
-3.5130E-01
-3.5172E-01
-3.5205E-01
-3.5239E-01
-3.5270E-01
-3.5298E-01
-3.5320E-01
-3.5342E-01
-3.5356E-01
-3.5372E-01
-3.5390E-01
-3.5409E-01
-3.5421E-01
-3.5432E-01
-3.5429E-01
-3.5417E-01
-3.5396E-01
-3.5374E-01
-3.5342E-01
-3.5314E-01
-3.5284E-01
-3.5251E-01
-3.5211E-01
-3.5175E-01
-3.5134E-01
-3.5092E-01
-3.5053E-01
-3.5018E-01
-3.4980E-01
-3.4939E-01
-3.4885E-01
-3.4817E-01
-3.4745E-01
-3.4670E-01
-3.4590E-01
-3.4512E-01
-3.4435E-01
-3.4356E-01
-3.4274E-01
-3.4195E-01
-3.4111E-01
-3.4029E-01
-3.3948E-01
-3.3872E-01
-3.3795E-01
-3.3712E-01
-3.3616E-01
-3.3504E-01
-3.3385E-01
-3.3264E-01
-3.3135E-01
-3.3011E-01
-3.2884E-01
-3.2759E-01
-3.2630E-01
-3.2506E-01
-3.2374E-01
-3.2242E-01
-3.2113E-01
-3.1988E-01
-3.1860E-01
-3.1725E-01
-3.1572E-01
-3.1403E-01
-3.1226E-01
-3.1043E-01
-3.0853E-01
-3.0666E-01
-3.0478E-01
-3.0290E-01
-3.0102E-01
-2.9917E-01
-2.9723E-01
-2.9530E-01
-2.9335E-01
-2.9146E-01
-2.8954E-01
-2.8754E-01
-2.8535E-01
-2.8297E-01
-2.8050E-01
-2.7797E-01
-2.7538E-01
-2.7282E-01
-2.7026E-01
-2.6774E-01
-2.6523E-01
-2.6276E-01
-2.6022E-01
-2.5769E-01
-2.5516E-01
-2.5268E-01
-2.5020E-01
-2.4765E-01
-2.4490E-01
-2.4199E-01
-2.3899E-01
-2.3594E-01
-2.3284E-01
-2.2981E-01
-2.2679E-01
-2.2383E-01
-2.2092E-01
-2.1808E-01
-2.1517E-01
-2.1227E-01
-2.0938E-01
-2.0654E-01
-2.0371E-01
-2.0080E-01
-1.9768E-01
-1.9440E-01
-1.9103E-01
-1.8757E-01
-1.8407E-01
-1.8063E-01
-1.7721E-01
-1.7386E-01
-1.7057E-01
-1.6735E-01
-1.6403E-01
-1.6071E-01
-1.5741E-01
-1.5410E-01
-1.5083E-01
-1.4745E-01
-1.4389E-01
-1.4014E-01
-1.3630E-01
-1.3240E-01
-1.2846E-01
-1.2459E-01
-1.2076E-01
-1.1705E-01
-1.1343E-01
-1.0990E-01
-1.0633E-01
-1.0274E-01
-9.918E-02
-9.566E-02
-9.220E-02
-8.864E-02
-8.496E-02
-8.110E-02
-7.720E-02
-7.323E-02
-6.928E-02
-6.540E-02
-6.158E-02
-5.791E-02
-5.437E-02
-5.092E-02
-4.743E-02
-4.394E-02
-4.044E-02
-3.697E-02
-3.355E-02
-3.004E-02
-2.637E-02
-2.255E-02
-1.866E-02
-1.469E-02
-1.072E-02
-6.80E-03
-2.96E-03
7.7E-04
4.36E-03
7.87E-03
1.144E-02
1.503E-02
1.863E-02
2.224E-02
2.579E-02
2.944E-02
3.321E-02
3.713E-02
4.111E-02
4.516E-02
4.920E-02
5.317E-02
5.708E-02
6.081E-02
6.439E-02
6.789E-02
7.141E-02
7.497E-02
7.853E-02
8.208E-02
8.556E-02
8.913E-02
9.282E-02
9.661E-02
1.0045E-01
1.0436E-01
1.0825E-01
1.1207E-01
1.1582E-01
1.1939E-01
1.2280E-01
1.2612E-01
1.2949E-01
1.3289E-01
1.3629E-01
1.3970E-01
1.4305E-01
1.4650E-01
1.5001E-01
1.5363E-01
1.5730E-01
1.6101E-01
1.6471E-01
1.6835E-01
1.7190E-01
1.7530E-01
1.7851E-01
1.8164E-01
1.8480E-01
1.8801E-01
1.9124E-01
1.9446E-01
1.9762E-01
2.0088E-01
2.0417E-01
2.0755E-01
2.1095E-01
2.1441E-01
2.1783E-01
2.2118E-01
2.2445E-01
2.2753E-01
2.3042E-01
2.3322E-01
2.3604E-01
2.3887E-01
2.4170E-01
2.4452E-01
2.4726E-01
2.5004E-01
2.5281E-01
2.5561E-01
2.5839E-01
2.6119E-01
2.6392E-01
2.6656E-01
2.6907E-01
2.7140E-01
2.7352E-01
2.7552E-01
2.7752E-01
2.7951E-01
2.8150E-01
2.8349E-01
2.8539E-01
2.8732E-01
2.8923E-01
2.9117E-01
2.9310E-01
2.9508E-01
2.9699E-01
2.9886E-01
3.0066E-01
3.0229E-01
3.0376E-01
3.0516E-01
3.0657E-01
3.0804E-01
3.0954E-01
3.1106E-01
3.1251E-01
3.1405E-01
3.1555E-01
3.1708E-01
3.1860E-01
3.2018E-01
3.2168E-01
3.2317E-01
3.2458E-01
3.2582E-01
3.2692E-01
3.2796E-01
3.2897E-01
3.3001E-01
3.3107E-01
3.3215E-01
3.3314E-01
3.3417E-01
3.3515E-01
3.3613E-01
3.3710E-01
3.3808E-01
3.3898E-01
3.3986E-01
3.4065E-01
3.4133E-01
3.4184E-01
3.4231E-01
3.4275E-01
3.4323E-01
3.4373E-01
3.4424E-01
3.4467E-01
3.4514E-01
3.4555E-01
3.4596E-01
3.4633E-01
3.4672E-01
3.4704E-01
3.4734E-01
3.4758E-01
3.4769E-01
3.4766E-01
3.4761E-01
3.4750E-01
3.4743E-01
3.4737E-01
3.4732E-01
3.4721E-01
3.4712E-01
3.4696E-01
3.4680E-01
3.4660E-01
3.4644E-01
3.4620E-01
3.4598E-01
3.4570E-01
3.4535E-01
3.4489E-01
3.4443E-01
3.4394E-01
3.4350E-01
3.4309E-01
3.4269E-01
3.4226E-01
3.4189E-01
3.4143E-01
3.4098E-01
3.4053E-01
3.4010E-01
3.3959E-01
3.3912E-01
3.3860E-01
3.3804E-01
3.3738E-01
3.3673E-01
3.3604E-01
3.3537E-01
3.3474E-01
3.3411E-01
3.3343E-01
3.3278E-01
3.3207E-01
3.3134E-01
3.3060E-01
3.2987E-01
3.2908E-01
3.2832E-01
3.2753E-01
3.2671E-01
3.2584E-01
3.2499E-01
3.2409E-01
3.2323E-01
3.2239E-01
3.2157E-01
3.2072E-01
3.1990E-01
3.1901E-01
3.1813E-01
3.1723E-01
3.1637E-01
3.1544E-01
3.1454E-01
3.1362E-01
3.1270E-01
3.1174E-01
3.1081E-01
3.0983E-01
3.0886E-01
3.0791E-01
3.0698E-01
3.0602E-01
3.0507E-01
3.0406E-01
3.0306E-01
3.0203E-01
3.0105E-01
3.0001E-01
2.9901E-01
2.9802E-01
2.9704E-01
2.9604E-01
2.9509E-01
2.9411E-01
2.9317E-01
2.9225E-01
2.9135E-01
2.9043E-01
2.8956E-01
2.8866E-01
2.8776E-01
2.8687E-01
2.8604E-01
2.8512E-01
2.8428E-01
2.8344E-01
2.8264E-01
2.8182E-01
2.8104E-01
2.8022E-01
2.7941E-01
2.7862E-01
2.7783E-01
2.7701E-01
2.7620E-01
2.7537E-01
2.7453E-01
2.7367E-01
2.7285E-01
2.7195E-01
2.7111E-01
2.7026E-01
2.6945E-01
2.6863E-01
2.6787E-01
2.6705E-01
2.6624E-01
2.6547E-01
2.6470E-01
2.6391E-01
2.6315E-01
2.6236E-01
2.6161E-01
2.6087E-01
2.6019E-01
2.5945E-01
2.5877E-01
2.5812E-01
2.5755E-01
2.5698E-01
2.5648E-01
2.5595E-01
2.5545E-01
2.5499E-01
2.5453E-01
2.5409E-01
2.5368E-01
2.5328E-01
2.5292E-01
2.5257E-01
2.5229E-01
2.5195E-01
2.5170E-01
2.5148E-01
2.5132E-01
2.5116E-01
2.5109E-01
2.5097E-01
2.5090E-01
2.5082E-01
2.5077E-01
2.5071E-01
2.5067E-01
2.5063E-01
2.5061E-01
2.5060E-01
2.5064E-01
2.5060E-01
2.5061E-01
2.5063E-01
2.5067E-01
2.5071E-01
2.5078E-01
2.5080E-01
2.5080E-01
2.5080E-01
2.5078E-01
2.5072E-01
2.5067E-01
2.5060E-01
2.5053E-01
2.5044E-01
2.5039E-01
2.5026E-01
2.5017E-01
2.5007E-01
2.5001E-01
2.4993E-01
2.4990E-01
2.4982E-01
2.4976E-01
2.4971E-01
2.4966E-01
2.4960E-01
2.4960E-01
2.4958E-01
2.4963E-01
2.4968E-01
2.4982E-01
2.4990E-01
2.5007E-01
2.5026E-01
2.5052E-01
2.5077E-01
2.5110E-01
2.5143E-01
2.5178E-01
2.5216E-01
2.5257E-01
2.5297E-01
2.5344E-01
2.5390E-01
2.5440E-01
2.5493E-01
2.5553E-01
2.5605E-01
2.5663E-01
2.5723E-01
2.5785E-01
2.5845E-01
2.5910E-01
2.5970E-01
2.6030E-01
2.6092E-01
2.6153E-01
2.6210E-01
2.6270E-01
2.6329E-01
2.6387E-01
2.6446E-01
2.6509E-01
2.6564E-01
2.6623E-01
2.6680E-01
2.6737E-01
2.6792E-01
2.6849E-01
2.6903E-01
2.6956E-01
2.7010E-01
2.7066E-01
2.7116E-01
2.7171E-01
2.7225E-01
2.7281E-01
2.7336E-01
2.7397E-01
2.7453E-01
2.7511E-01
2.7570E-01
2.7631E-01
2.7688E-01
2.7748E-01
2.7807E-01
2.7867E-01
2.7929E-01
2.7990E-01
2.8049E-01
2.8112E-01
2.8174E-01
2.8237E-01
2.8299E-01
2.8365E-01
2.8425E-01
2.8488E-01
2.8550E-01
2.8612E-01
2.8668E-01
2.8727E-01
2.8782E-01
2.8838E-01
2.8893E-01
2.8950E-01
2.9000E-01
2.9056E-01
2.9106E-01
2.9158E-01
2.9209E-01
2.9264E-01
2.9312E-01
2.9362E-01
2.9410E-01
2.9457E-01
2.9500E-01
2.9546E-01
2.9587E-01
2.9628E-01
2.9672E-01
2.9716E-01
2.9756E-01
2.9800E-01
2.9841E-01
2.9882E-01
2.9924E-01
2.9969E-01
3.0009E-01
3.0050E-01
3.0091E-01
3.0132E-01
3.0167E-01
3.0207E-01
3.0241E-01
3.0278E-01
3.0317E-01
3.0357E-01
3.0393E-01
3.0433E-01
3.0469E-01
3.0507E-01
3.0543E-01
3.0586E-01
3.0619E-01
3.0657E-01
3.0693E-01
3.0728E-01
3.0758E-01
3.0790E-01
3.0817E-01
3.0845E-01
3.0875E-01
3.0905E-01
3.0931E-01
3.0959E-01
3.0981E-01
3.1005E-01
3.1024E-01
3.1048E-01
3.1062E-01
3.1079E-01
3.1093E-01
3.1104E-01
3.1109E-01
3.1115E-01
3.1117E-01
3.1120E-01
3.1123E-01
3.1127E-01
3.1125E-01
3.1127E-01
3.1122E-01
3.1119E-01
3.1114E-01
3.1112E-01
3.1103E-01
3.1098E-01
3.1090E-01
3.1082E-01
3.1070E-01
3.1060E-01
3.1046E-01
3.1033E-01
3.1022E-01
3.1013E-01
3.1000E-01
3.0989E-01
3.0975E-01
3.0959E-01
3.0942E-01
3.0929E-01
3.0907E-01
3.0889E-01
3.0869E-01
3.0847E-01
3.0820E-01
3.0796E-01
3.0766E-01
3.0738E-01
3.0711E-01
3.0684E-01
3.0654E-01
3.0627E-01
3.0594E-01
3.0562E-01
3.0531E-01
3.0502E-01
3.0469E-01
3.0439E-01
3.0409E-01
3.0379E-01
3.0347E-01
3.0320E-01
3.0289E-01
3.0262E-01
3.0238E-01
3.0216E-01
3.0192E-01
3.0173E-01
3.0151E-01
3.0132E-01
3.0112E-01
3.0097E-01
3.0077E-01
3.0061E-01
3.0044E-01
3.0029E-01
3.0012E-01
2.9998E-01
2.9979E-01
2.9963E-01
2.9947E-01
2.9933E-01
2.9916E-01
2.9900E-01
2.9881E-01
2.9862E-01
2.9840E-01
2.9822E-01
2.9797E-01
2.9775E-01
2.9751E-01
2.9729E-01
2.9701E-01
2.9677E-01
2.9649E-01
2.9618E-01
2.9592E-01
2.9563E-01
2.9530E-01
2.9500E-01
2.9465E-01
2.9430E-01
2.9394E-01
2.9359E-01
2.9318E-01
2.9280E-01
2.9241E-01
2.9201E-01
2.9158E-01
2.9119E-01
2.9075E-01
2.9030E-01
2.8988E-01
2.8945E-01
2.8898E-01
2.8855E-01
2.8808E-01
2.8762E-01
2.8716E-01
2.8675E-01
2.8627E-01
2.8585E-01
2.8542E-01
2.8504E-01
2.8463E-01
2.8427E-01
2.8387E-01
2.8351E-01
2.8316E-01
2.8284E-01
2.8250E-01
2.8221E-01
2.8188E-01
2.8159E-01
2.8131E-01
2.8109E-01
2.8079E-01
2.8057E-01
2.8033E-01
2.8014E-01
2.7992E-01
2.7976E-01
2.7957E-01
2.7940E-01
2.7924E-01
2.7910E-01
2.7892E-01
2.7880E-01
2.7865E-01
2.7854E-01
2.7843E-01
2.7839E-01
2.7827E-01
2.7821E-01
2.7818E-01
2.7818E-01
2.7815E-01
2.7820E-01
2.7821E-01
2.7823E-01
2.7829E-01
2.7835E-01
2.7840E-01
2.7850E-01
2.7856E-01
2.7865E-01
2.7873E-01
2.7886E-01
2.7891E-01
2.7900E-01
2.7908E-01
2.7918E-01
2.7924E-01
2.7933E-01
2.7937E-01
2.7938E-01
2.7940E-01
2.7940E-01
2.7935E-01
2.7932E-01
2.7924E-01
2.7916E-01
2.7906E-01
2.7900E-01
2.7886E-01
2.7875E-01
2.7862E-01
2.7851E-01
2.7837E-01
2.7826E-01
2.7812E-01
2.7799E-01
2.7788E-01
2.7778E-01
2.7766E-01
2.7759E-01
2.7752E-01
2.7747E-01
2.7744E-01
2.7748E-01
2.7747E-01
2.7752E-01
2.7758E-01
2.7769E-01
2.7778E-01
2.7794E-01
2.7807E-01
2.7823E-01
2.7842E-01
2.7862E-01
2.7880E-01
2.7903E-01
2.7925E-01
2.7951E-01
2.7976E-01
2.8006E-01
2.8030E-01
2.8060E-01
2.8088E-01
2.8120E-01
2.8147E-01
2.8180E-01
2.8208E-01
2.8237E-01
2.8268E-01
2.8300E-01
2.8327E-01
2.8360E-01
2.8389E-01
2.8419E-01
2.8450E-01
2.8485E-01
2.8512E-01
2.8545E-01
2.8577E-01
2.8610E-01
2.8640E-01
2.8675E-01
2.8705E-01
2.8735E-01
2.8768E-01
2.8801E-01
2.8831E-01
2.8864E-01
2.8894E-01
2.8926E-01
2.8958E-01
2.8992E-01
2.9021E-01
2.9053E-01
2.9084E-01
2.9116E-01
2.9143E-01
2.9173E-01
2.9200E-01
2.9225E-01
2.9252E-01
2.9280E-01
2.9302E-01
2.9328E-01
2.9348E-01
2.9372E-01
2.9392E-01
2.9418E-01
2.9434E-01
2.9454E-01
2.9471E-01
2.9490E-01
2.9505E-01
2.9520E-01
2.9533E-01
2.9546E-01
2.9560E-01
2.9576E-01
2.9587E-01
2.9601E-01
2.9614E-01
2.9628E-01
2.9641E-01
2.9660E-01
2.9671E-01
2.9688E-01
2.9704E-01
2.9721E-01
2.9735E-01
2.9753E-01
2.9769E-01
2.9786E-01
2.9807E-01
2.9829E-01
2.9848E-01
2.9871E-01
2.9892E-01
2.9914E-01
2.9938E-01
2.9966E-01
2.9987E-01
3.0014E-01
3.0039E-01
3.0067E-01
3.0091E-01
3.0118E-01
3.0142E-01
3.0167E-01
3.0194E-01
3.0224E-01
3.0249E-01
3.0278E-01
3.0305E-01
3.0331E-01
3.0358E-01
3.0390E-01
3.0414E-01
3.0442E-01
3.0467E-01
3.0494E-01
3.0516E-01
3.0540E-01
3.0561E-01
3.0581E-01
3.0602E-01
3.0622E-01
3.0638E-01
3.0657E-01
3.0668E-01
3.0681E-01
3.0689E-01
3.0700E-01
3.0701E-01
3.0706E-01
3.0706E-01
3.0706E-01
3.0698E-01
3.0693E-01
3.0681E-01
3.0670E-01
3.0659E-01
3.0646E-01
3.0630E-01
3.0616E-01
3.0597E-01
3.0580E-01
3.0559E-01
3.0545E-01
3.0521E-01
3.0504E-01
3.0485E-01
3.0467E-01
3.0447E-01
3.0429E-01
3.0410E-01
3.0393E-01
3.0379E-01
3.0368E-01
3.0354E-01
3.0342E-01
3.0330E-01
3.0320E-01
3.0309E-01
3.0303E-01
3.0292E-01
3.0284E-01
3.0278E-01
3.0273E-01
3.0263E-01
3.0259E-01
3.0251E-01
3.0244E-01
3.0241E-01
3.0240E-01
3.0235E-01
3.0233E-01
3.0230E-01
3.0227E-01
3.0226E-01
3.0229E-01
3.0226E-01
3.0227E-01
3.0229E-01
3.0232E-01
3.0232E-01
3.0237E-01
3.0238E-01
3.0241E-01
3.0246E-01
3.0252E-01
3.0256E-01
3.0260E-01
3.0262E-01
3.0265E-01
3.0265E-01
3.0270E-01
3.0265E-01
3.0265E-01
3.0262E-01
3.0259E-01
3.0251E-01
3.0244E-01
3.0232E-01
3.0221E-01
3.0210E-01
3.0197E-01
3.0181E-01
3.0165E-01
3.0146E-01
3.0128E-01
3.0107E-01
3.0090E-01
3.0066E-01
3.0045E-01
3.0025E-01
3.0006E-01
2.9982E-01
2.9963E-01
2.9941E-01
2.9920E-01
2.9901E-01
2.9884E-01
2.9864E-01
2.9846E-01
2.9824E-01
2.9805E-01
2.9784E-01
2.9767E-01
2.9743E-01
2.9723E-01
2.9701E-01
2.9680E-01
2.9655E-01
2.9633E-01
2.9604E-01
2.9577E-01
2.9551E-01
2.9524E-01
2.9490E-01
2.9462E-01
2.9429E-01
2.9396E-01
2.9362E-01
2.9334E-01
2.9298E-01
2.9266E-01
2.9234E-01
2.9206E-01
2.9176E-01
2.9149E-01
2.9121E-01
2.9095E-01
2.9073E-01
2.9053E-01
2.9030E-01
2.9013E-01
2.8996E-01
2.8981E-01
2.8967E-01
2.8959E-01
2.8945E-01
2.8937E-01
2.8931E-01
2.8928E-01
2.8921E-01
2.8920E-01
2.8915E-01
2.8912E-01
2.8910E-01
2.8910E-01
2.8906E-01
2.8906E-01
2.8902E-01
2.8901E-01
2.8898E-01
2.8899E-01
2.8894E-01
2.8894E-01
2.8893E-01
2.8894E-01
2.8893E-01
2.8896E-01
2.8894E-01
2.8894E-01
2.8898E-01
2.8901E-01
2.8901E-01
2.8906E-01
2.8907E-01
2.8910E-01
2.8913E-01
2.8920E-01
2.8920E-01
2.8925E-01
2.8929E-01
2.8934E-01
2.8936E-01
2.8940E-01
2.8942E-01
2.8942E-01
2.8943E-01
2.8945E-01
2.8940E-01
2.8940E-01
2.8936E-01
2.8931E-01
2.8925E-01
2.8923E-01
2.8913E-01
2.8907E-01
2.8899E-01
2.8894E-01
2.8885E-01
2.8879E-01
2.8869E-01
2.8861E-01
2.8853E-01
2.8849E-01
2.8839E-01
2.8834E-01
2.8827E-01
2.8823E-01
2.8819E-01
2.8820E-01
2.8814E-01
2.8814E-01
2.8815E-01
2.8819E-01
2.8820E-01
2.8827E-01
2.8831E-01
2.8836E-01
2.8844E-01
2.8855E-01
2.8861E-01
2.8874E-01
2.8883E-01
2.8896E-01
2.8909E-01
2.8928E-01
2.8940E-01
2.8958E-01
2.8975E-01
2.8996E-01
2.9013E-01
2.9035E-01
2.9056E-01
2.9076E-01
2.9098E-01
2.9122E-01
2.9144E-01
2.9168E-01
2.9190E-01
2.9214E-01
2.9236E-01
2.9264E-01
2.9283E-01
2.9307E-01
2.9329E-01
2.9354E-01
2.9373E-01
2.9397E-01
2.9416E-01
2.9435E-01
2.9454E-01
2.9475E-01
2.9490E-01
2.9509E-01
2.9524E-01
2.9541E-01
2.9555E-01
2.9576E-01
2.9587E-01
2.9603E-01
2.9617E-01
2.9633E-01
2.9644E-01
2.9660E-01
2.9671E-01
2.9683E-01
2.9698E-01
2.9712E-01
2.9723E-01
2.9737E-01
2.9747E-01
2.9759E-01
2.9769E-01
2.9784E-01
2.9791E-01
2.9800E-01
2.9810E-01
2.9819E-01
2.9824E-01
2.9830E-01
2.9833E-01
2.9837E-01
2.9840E-01
2.9843E-01
2.9843E-01
2.9845E-01
2.9843E-01
2.9841E-01
2.9840E-01
2.9843E-01
2.9837E-01
2.9837E-01
2.9835E-01
2.9835E-01
2.9832E-01
2.9832E-01
2.9830E-01
2.9830E-01
2.9832E-01
2.9837E-01
2.9838E-01
2.9845E-01
2.9849E-01
2.9857E-01
2.9864E-01
2.9878E-01
2.9884E-01
2.9897E-01
2.9909E-01
2.9924E-01
2.9935E-01
2.9950E-01
2.9963E-01
2.9977E-01
2.9993E-01
3.0011E-01
3.0025E-01
3.0044E-01
3.0058E-01
3.0074E-01
3.0088E-01
3.0107E-01
3.0120E-01
3.0134E-01
3.0150E-01
3.0164E-01
3.0175E-01
3.0189E-01
3.0199E-01
3.0208E-01
3.0219E-01
3.0230E-01
3.0238E-01
3.0248E-01
3.0252E-01
3.0259E-01
3.0262E-01
3.0270E-01
3.0268E-01
3.0271E-01
3.0271E-01
3.0271E-01
3.0267E-01
3.0263E-01
3.0257E-01
3.0249E-01
3.0243E-01
3.0238E-01
3.0227E-01
3.0219E-01
3.0208E-01
3.0197E-01
3.0184E-01
3.0177E-01
3.0161E-01
3.0151E-01
3.0140E-01
3.0131E-01
3.0118E-01
3.0109E-01
3.0097E-01
3.0088E-01
3.0083E-01
3.0078E-01
3.0072E-01
3.0071E-01
3.0067E-01
3.0066E-01
3.0064E-01
3.0067E-01
3.0066E-01
3.0069E-01
3.0072E-01
3.0077E-01
3.0078E-01
3.0085E-01
3.0088E-01
3.0091E-01
3.0096E-01
3.0102E-01
3.0105E-01
3.0110E-01
3.0112E-01
3.0113E-01
3.0113E-01
3.0118E-01
3.0113E-01
3.0113E-01
3.0110E-01
3.0109E-01
3.0102E-01
3.0099E-01
3.0093E-01
3.0085E-01
3.0078E-01
3.0072E-01
3.0063E-01
3.0056E-01
3.0045E-01
3.0036E-01
3.0025E-01
3.0020E-01
3.0006E-01
2.9998E-01
2.9988E-01
2.9982E-01
2.9971E-01
2.9966E-01
2.9957E-01
2.9949E-01
2.9943E-01
2.9939E-01
2.9933E-01
2.9930E-01
2.9924E-01
2.9920E-01
2.9916E-01
2.9916E-01
2.9908E-01
2.9906E-01
2.9903E-01
2.9901E-01
2.9895E-01
2.9894E-01
2.9887E-01
2.9881E-01
2.9878E-01
2.9873E-01
2.9864E-01
2.9857E-01
2.9846E-01
2.9835E-01
2.9822E-01
2.9813E-01
2.9796E-01
2.9781E-01
2.9764E-01
2.9748E-01
2.9729E-01
2.9712E-01
2.9690E-01
2.9669E-01
2.9649E-01
2.9630E-01
2.9606E-01
2.9585E-01
2.9563E-01
2.9541E-01
2.9519E-01
2.9503E-01
2.9479E-01
2.9460E-01
2.9443E-01
2.9427E-01
2.9408E-01
2.9396E-01
2.9378E-01
2.9364E-01
2.9351E-01
2.9340E-01
2.9326E-01
2.9315E-01
2.9302E-01
2.9291E-01
2.9280E-01
2.9272E-01
2.9258E-01
2.9249E-01
2.9239E-01
2.9231E-01
2.9219E-01
2.9211E-01
2.9200E-01
2.9190E-01
2.9181E-01
2.9174E-01
2.9163E-01
2.9157E-01
2.9147E-01
2.9141E-01
2.9135E-01
2.9135E-01
2.9127E-01
2.9127E-01
2.9125E-01
2.9128E-01
2.9128E-01
2.9133E-01
2.9136E-01
2.9141E-01
2.9149E-01
2.9157E-01
2.9163E-01
2.9174E-01
2.9182E-01
2.9192E-01
2.9201E-01
2.9215E-01
2.9222E-01
2.9233E-01
2.9242E-01
2.9253E-01
2.9260E-01
2.9269E-01
2.9274E-01
2.9279E-01
2.9285E-01
2.9290E-01
2.9290E-01
2.9293E-01
2.9291E-01
2.9290E-01
2.9288E-01
2.9290E-01
2.9283E-01
2.9280E-01
2.9277E-01
2.9275E-01
2.9269E-01
2.9266E-01
2.9260E-01
2.9253E-01
2.9247E-01
2.9244E-01
2.9234E-01
2.9230E-01
2.9222E-01
2.9215E-01
2.9207E-01
2.9204E-01
2.9193E-01
2.9187E-01
2.9179E-01
2.9173E-01
2.9163E-01
2.9157E-01
2.9149E-01
2.9140E-01
2.9133E-01
2.9128E-01
2.9121E-01
2.9116E-01
2.9111E-01
2.9108E-01
2.9106E-01
2.9111E-01
2.9109E-01
2.9114E-01
2.9121E-01
2.9132E-01
2.9140E-01
2.9155E-01
2.9168E-01
2.9184E-01
2.9203E-01
2.9225E-01
2.9244E-01
2.9269E-01
2.9293E-01
2.9318E-01
2.9345E-01
2.9375E-01
2.9399E-01
2.9427E-01
2.9454E-01
2.9483E-01
2.9506E-01
2.9532E-01
2.9554E-01
2.9574E-01
2.9595E-01
2.9615E-01
2.9631E-01
2.9649E-01
2.9660E-01
2.9674E-01
2.9685E-01
2.9699E-01
2.9705E-01
2.9716E-01
2.9724E-01
2.9735E-01
2.9742E-01
2.9751E-01
2.9758E-01
2.9766E-01
2.9777E-01
2.9788E-01
2.9796E-01
2.9810E-01
2.9819E-01
2.9832E-01
2.9843E-01
2.9860E-01
2.9871E-01
2.9886E-01
2.9898E-01
2.9914E-01
2.9925E-01
2.9938E-01
2.9947E-01
2.9957E-01
2.9966E-01
2.9976E-01
2.9980E-01
2.9987E-01
2.9988E-01
2.9992E-01
2.9992E-01
2.9995E-01
2.9990E-01
2.9987E-01
2.9984E-01
2.9980E-01
2.9971E-01
2.9966E-01
2.9957E-01
2.9949E-01
2.9943E-01
2.9936E-01
2.9928E-01
2.9924E-01
2.9916E-01
2.9911E-01
2.9906E-01
2.9908E-01
2.9903E-01
2.9905E-01
2.9906E-01
2.9911E-01
2.9914E-01
2.9920E-01
2.9927E-01
2.9933E-01
2.9944E-01
2.9958E-01
2.9969E-01
2.9985E-01
2.9999E-01
3.0015E-01
3.0033E-01
3.0055E-01
3.0071E-01
3.0091E-01
3.0112E-01
3.0134E-01
3.0153E-01
3.0177E-01
3.0195E-01
3.0216E-01
3.0238E-01
3.0262E-01
3.0281E-01
3.0303E-01
3.0320E-01
3.0339E-01
3.0355E-01
3.0376E-01
3.0387E-01
3.0403E-01
3.0415E-01
3.0428E-01
3.0434E-01
3.0444E-01
3.0448E-01
3.0453E-01
3.0458E-01
3.0463E-01
3.0463E-01
3.0466E-01
3.0464E-01
3.0461E-01
3.0458E-01
3.0459E-01
3.0452E-01
3.0448E-01
3.0445E-01
3.0442E-01
3.0436E-01
3.0433E-01
3.0426E-01
3.0422E-01
3.0418E-01
3.0417E-01
3.0412E-01
3.0412E-01
3.0407E-01
3.0404E-01
3.0401E-01
3.0401E-01
3.0395E-01
3.0391E-01
3.0387E-01
3.0384E-01
3.0376E-01
3.0371E-01
3.0361E-01
3.0354E-01
3.0344E-01
3.0336E-01
3.0324E-01
3.0314E-01
3.0298E-01
3.0284E-01
3.0268E-01
3.0257E-01
3.0237E-01
3.0221E-01
3.0205E-01
3.0191E-01
3.0173E-01
3.0159E-01
3.0143E-01
3.0129E-01
3.0116E-01
3.0109E-01
3.0096E-01
3.0090E-01
3.0082E-01
3.0075E-01
3.0069E-01
3.0071E-01
3.0064E-01
3.0064E-01
3.0066E-01
3.0069E-01
3.0071E-01
3.0075E-01
3.0077E-01
3.0080E-01
3.0085E-01
3.0091E-01
3.0093E-01
3.0097E-01
3.0097E-01
3.0097E-01
3.0094E-01
3.0096E-01
3.0088E-01
3.0083E-01
3.0075E-01
3.0067E-01
3.0055E-01
3.0044E-01
3.0028E-01
3.0011E-01
2.9995E-01
2.9979E-01
2.9957E-01
2.9938E-01
2.9914E-01
2.9892E-01
2.9867E-01
2.9846E-01
2.9819E-01
2.9796E-01
2.9772E-01
2.9750E-01
2.9724E-01
2.9704E-01
2.9679E-01
2.9656E-01
2.9637E-01
2.9618E-01
2.9598E-01
2.9581E-01
2.9560E-01
2.9543E-01
2.9525E-01
2.9511E-01
2.9492E-01
2.9478E-01
2.9462E-01
2.9448E-01
2.9432E-01
2.9419E-01
2.9402E-01
2.9386E-01
2.9372E-01
2.9359E-01
2.9342E-01
2.9328E-01
2.9310E-01
2.9294E-01
2.9279E-01
2.9266E-01
2.9247E-01
2.9233E-01
2.9219E-01
2.9207E-01
2.9193E-01
2.9184E-01
2.9171E-01
2.9162E-01
2.9154E-01
2.9149E-01
2.9141E-01
2.9138E-01
2.9135E-01
2.9133E-01
2.9135E-01
2.9141E-01
2.9141E-01
2.9147E-01
2.9155E-01
2.9166E-01
2.9174E-01
2.9187E-01
2.9196E-01
2.9207E-01
2.9222E-01
2.9234E-01
2.9244E-01
2.9258E-01
2.9266E-01
2.9277E-01
2.9285E-01
2.9296E-01
2.9299E-01
2.9305E-01
2.9309E-01
2.9313E-01
2.9312E-01
2.9313E-01
2.9309E-01
2.9304E-01
2.9299E-01
2.9293E-01
2.9283E-01
2.9275E-01
2.9263E-01
2.9250E-01
2.9238E-01
2.9230E-01
2.9212E-01
2.9200E-01
2.9187E-01
2.9176E-01
2.9160E-01
2.9149E-01
2.9135E-01
2.9121E-01
2.9108E-01
2.9097E-01
2.9083E-01
2.9072E-01
2.9057E-01
2.9046E-01
2.9034E-01
2.9026E-01
2.9011E-01
2.9000E-01
2.8991E-01
2.8981E-01
2.8970E-01
2.8962E-01
2.8950E-01
2.8940E-01
2.8932E-01
2.8925E-01
2.8915E-01
2.8910E-01
2.8904E-01
2.8901E-01
2.8898E-01
2.8901E-01
2.8899E-01
2.8904E-01
2.8909E-01
2.8918E-01
2.8928E-01
2.8940E-01
2.8953E-01
2.8969E-01
2.8988E-01
2.9008E-01
2.9029E-01
2.9054E-01
2.9076E-01
2.9105E-01
2.9132E-01
2.9166E-01
2.9193E-01
2.9225E-01
2.9258E-01
2.9291E-01
2.9323E-01
2.9356E-01
2.9388E-01
2.9418E-01
2.9451E-01
2.9484E-01
2.9513E-01
2.9546E-01
2.9573E-01
2.9603E-01
2.9631E-01
2.9664E-01
2.9690E-01
2.9718E-01
2.9745E-01
2.9773E-01
2.9799E-01
2.9826E-01
2.9849E-01
2.9873E-01
2.9897E-01
2.9922E-01
2.9943E-01
2.9966E-01
2.9985E-01
3.0006E-01
3.0023E-01
3.0045E-01
3.0058E-01
3.0074E-01
3.0086E-01
3.0099E-01
3.0105E-01
3.0115E-01
3.0118E-01
3.0120E-01
3.0123E-01
3.0124E-01
3.0120E-01
3.0118E-01
3.0112E-01
3.0105E-01
3.0097E-01
3.0094E-01
3.0083E-01
3.0075E-01
3.0067E-01
3.0061E-01
3.0052E-01
3.0047E-01
3.0039E-01
3.0034E-01
3.0031E-01
3.0033E-01
3.0031E-01
3.0036E-01
3.0039E-01
3.0047E-01
3.0055E-01
3.0069E-01
3.0078E-01
3.0096E-01
3.0113E-01
3.0134E-01
3.0151E-01
3.0175E-01
3.0197E-01
3.0221E-01
3.0248E-01
3.0278E-01
3.0303E-01
3.0333E-01
3.0360E-01
3.0390E-01
3.0417E-01
3.0450E-01
3.0475E-01
3.0505E-01
3.0534E-01
3.0562E-01
3.0588E-01
3.0616E-01
3.0641E-01
3.0667E-01
3.0693E-01
3.0720E-01
3.0742E-01
3.0769E-01
3.0790E-01
3.0810E-01
3.0831E-01
3.0853E-01
3.0867E-01
3.0886E-01
3.0902E-01
3.0918E-01
3.0929E-01
3.0942E-01
3.0950E-01
3.0956E-01
3.0964E-01
3.0972E-01
3.0975E-01
3.0980E-01
3.0976E-01
3.0975E-01
3.0970E-01
3.0968E-01
3.0957E-01
3.0950E-01
3.0938E-01
3.0927E-01
3.0912E-01
3.0897E-01
3.0878E-01
3.0861E-01
3.0844E-01
3.0826E-01
3.0806E-01
3.0787E-01
3.0763E-01
3.0741E-01
3.0719E-01
3.0700E-01
3.0673E-01
3.0651E-01
3.0629E-01
3.0610E-01
3.0586E-01
3.0569E-01
3.0546E-01
3.0527E-01
3.0512E-01
3.0499E-01
3.0483E-01
3.0472E-01
3.0458E-01
3.0448E-01
3.0437E-01
3.0433E-01
3.0423E-01
3.0420E-01
3.0417E-01
3.0415E-01
3.0414E-01
3.0415E-01
3.0415E-01
3.0417E-01
3.0422E-01
3.0428E-01
3.0431E-01
3.0437E-01
3.0439E-01
3.0440E-01
3.0442E-01
3.0447E-01
3.0442E-01
3.0442E-01
3.0439E-01
3.0437E-01
3.0429E-01
3.0425E-01
3.0414E-01
3.0401E-01
3.0388E-01
3.0376E-01
3.0357E-01
3.0339E-01
3.0316E-01
3.0292E-01
3.0267E-01
3.0243E-01
3.0210E-01
3.0181E-01
3.0150E-01
3.0120E-01
3.0085E-01
3.0055E-01
3.0018E-01
2.9984E-01
2.9950E-01
2.9919E-01
2.9882E-01
2.9851E-01
2.9816E-01
2.9781E-01
2.9747E-01
2.9716E-01
2.9680E-01
2.9650E-01
2.9617E-01
2.9588E-01
2.9557E-01
2.9528E-01
2.9498E-01
2.9468E-01
2.9441E-01
2.9415E-01
2.9386E-01
2.9359E-01
2.9331E-01
2.9304E-01
2.9277E-01
2.9253E-01
2.9223E-01
2.9198E-01
2.9171E-01
2.9147E-01
2.9121E-01
2.9097E-01
2.9070E-01
2.9043E-01
2.9019E-01
2.8994E-01
2.8967E-01
2.8942E-01
2.8913E-01
2.8888E-01
2.8861E-01
2.8838E-01
2.8808E-01
2.8784E-01
2.8757E-01
2.8735E-01
2.8710E-01
2.8689E-01
2.8664E-01
2.8642E-01
2.8621E-01
2.8602E-01
2.8581E-01
2.8564E-01
2.8545E-01
2.8531E-01
2.8517E-01
2.8509E-01
2.8495E-01
2.8487E-01
2.8479E-01
2.8476E-01
2.8471E-01
2.8471E-01
2.8468E-01
2.8466E-01
2.8468E-01
2.8469E-01
2.8469E-01
2.8471E-01
2.8471E-01
2.8472E-01
2.8472E-01
2.8477E-01
2.8474E-01
2.8474E-01
2.8471E-01
2.8471E-01
2.8465E-01
2.8463E-01
2.8453E-01
2.8446E-01
2.8438E-01
2.8428E-01
2.8414E-01
2.8403E-01
2.8389E-01
2.8376E-01
2.8363E-01
2.8355E-01
2.8340E-01
2.8330E-01
2.8321E-01
2.8313E-01
2.8303E-01
2.8300E-01
2.8292E-01
2.8287E-01
2.8286E-01
2.8286E-01
2.8284E-01
2.8287E-01
2.8289E-01
2.8295E-01
2.8303E-01
2.8316E-01
2.8322E-01
2.8335E-01
2.8346E-01
2.8360E-01
2.8373E-01
2.8387E-01
2.8400E-01
2.8411E-01
2.8423E-01
2.8438E-01
2.8447E-01
2.8460E-01
2.8469E-01
2.8482E-01
2.8493E-01
2.8510E-01
2.8518E-01
2.8532E-01
2.8545E-01
2.8561E-01
2.8574E-01
2.8589E-01
2.8604E-01
2.8618E-01
2.8635E-01
2.8656E-01
2.8672E-01
2.8694E-01
2.8713E-01
2.8738E-01
2.8763E-01
2.8793E-01
2.8819E-01
2.8849E-01
2.8879E-01
2.8912E-01
2.8942E-01
2.8975E-01
2.9007E-01
2.9038E-01
2.9072E-01
2.9106E-01
2.9136E-01
2.9171E-01
2.9201E-01
2.9236E-01
2.9268E-01
2.9305E-01
2.9334E-01
2.9369E-01
2.9400E-01
2.9434E-01
2.9464E-01
2.9495E-01
2.9524E-01
2.9554E-01
2.9584E-01
2.9617E-01
2.9644E-01
2.9677E-01
2.9705E-01
2.9737E-01
2.9769E-01
2.9803E-01
2.9833E-01
2.9867E-01
2.9898E-01
2.9933E-01
2.9962E-01
2.9995E-01
3.0025E-01
3.0056E-01
3.0090E-01
3.0123E-01
3.0153E-01
3.0188E-01
3.0218E-01
3.0251E-01
3.0282E-01
3.0320E-01
3.0349E-01
3.0384E-01
3.0418E-01
3.0453E-01
3.0485E-01
3.0521E-01
3.0554E-01
3.0589E-01
3.0627E-01
3.0668E-01
3.0704E-01
3.0747E-01
3.0787E-01
3.0828E-01
3.0870E-01
3.0918E-01
3.0959E-01
3.1005E-01
3.1051E-01
3.1097E-01
3.1139E-01
3.1187E-01
3.1229E-01
3.1274E-01
3.1318E-01
3.1365E-01
3.1406E-01
3.1451E-01
3.1490E-01
3.1528E-01
3.1564E-01
3.1604E-01
3.1634E-01
3.1667E-01
3.1697E-01
3.1727E-01
3.1749E-01
3.1775E-01
3.1794E-01
3.1813E-01
3.1833E-01
3.1852E-01
3.1868E-01
3.1885E-01
3.1898E-01
3.1909E-01
3.1919E-01
3.1931E-01
3.1937E-01
3.1947E-01
3.1955E-01
3.1964E-01
3.1969E-01
3.1979E-01
3.1983E-01
3.1990E-01
3.1999E-01
3.2009E-01
3.2017E-01
3.2028E-01
3.2034E-01
3.2040E-01
3.2043E-01
3.2053E-01
3.2054E-01
3.2059E-01
3.2062E-01
3.2066E-01
3.2064E-01
3.2066E-01
3.2062E-01
3.2059E-01
3.2058E-01
3.2056E-01
3.2051E-01
3.2047E-01
3.2036E-01
3.2024E-01
3.2010E-01
3.1998E-01
3.1977E-01
3.1960E-01
3.1941E-01
3.1920E-01
3.1895E-01
3.1873E-01
3.1844E-01
3.1817E-01
3.1792E-01
3.1767E-01
3.1737E-01
3.1710E-01
3.1677E-01
3.1643E-01
3.1609E-01
3.1575E-01
3.1536E-01
3.1501E-01
3.1465E-01
3.1430E-01
3.1391E-01
3.1356E-01
3.1316E-01
3.1280E-01
3.1245E-01
3.1212E-01
3.1176E-01
3.1144E-01
3.1108E-01
3.1071E-01
3.1035E-01
3.1003E-01
3.0964E-01
3.0932E-01
3.0899E-01
3.0869E-01
3.0836E-01
3.0809E-01
3.0777E-01
3.0749E-01
3.0723E-01
3.0698E-01
3.0671E-01
3.0649E-01
3.0621E-01
3.0594E-01
3.0565E-01
3.0540E-01
3.0507E-01
3.0480E-01
3.0450E-01
3.0420E-01
3.0387E-01
3.0355E-01
3.0319E-01
3.0281E-01
3.0244E-01
3.0205E-01
3.0161E-01
3.0116E-01
3.0066E-01
3.0012E-01
2.9957E-01
2.9901E-01
2.9835E-01
2.9772E-01
2.9707E-01
2.9641E-01
2.9569E-01
2.9500E-01
2.9424E-01
2.9350E-01
2.9274E-01
2.9198E-01
2.9117E-01
2.9040E-01
2.8958E-01
2.8877E-01
2.8796E-01
2.8719E-01
2.8635E-01
2.8559E-01
2.8482E-01
2.8409E-01
2.8335E-01
2.8267E-01
2.8196E-01
2.8128E-01
2.8063E-01
2.8001E-01
2.7937E-01
2.7878E-01
2.7820E-01
2.7763E-01
2.7709E-01
2.7660E-01
2.7606E-01
2.7559E-01
2.7513E-01
2.7472E-01
2.7429E-01
2.7391E-01
2.7352E-01
2.7314E-01
2.7277E-01
2.7243E-01
2.7205E-01
2.7171E-01
2.7135E-01
2.7103E-01
2.7072E-01
2.7045E-01
2.7012E-01
2.6983E-01
2.6953E-01
2.6928E-01
2.6900E-01
2.6876E-01
2.6847E-01
2.6819E-01
2.6792E-01
2.6765E-01
2.6734E-01
2.6705E-01
2.6675E-01
2.6648E-01
2.6621E-01
2.6599E-01
2.6569E-01
2.6544E-01
2.6517E-01
2.6495E-01
2.6470E-01
2.6449E-01
2.6425E-01
2.6402E-01
2.6381E-01
2.6359E-01
2.6335E-01
2.6316E-01
2.6296E-01
2.6283E-01
2.6270E-01
2.6264E-01
2.6251E-01
2.6245E-01
2.6240E-01
2.6239E-01
2.6236E-01
2.6239E-01
2.6239E-01
2.6240E-01
2.6244E-01
2.6247E-01
2.6248E-01
2.6253E-01
2.6259E-01
2.6270E-01
2.6281E-01
2.6299E-01
2.6308E-01
2.6323E-01
2.6337E-01
2.6354E-01
2.6368E-01
2.6387E-01
2.6403E-01
2.6417E-01
2.6435E-01
2.6454E-01
2.6468E-01
2.6489E-01
2.6509E-01
2.6538E-01
2.6566E-01
2.6604E-01
2.6636E-01
2.6673E-01
2.6715E-01
2.6759E-01
2.6803E-01
2.6854E-01
2.6904E-01
2.6956E-01
2.7012E-01
2.7070E-01
2.7127E-01
2.7192E-01
2.7257E-01
2.7330E-01
2.7402E-01
2.7484E-01
2.7559E-01
2.7638E-01
2.7717E-01
2.7799E-01
2.7876E-01
2.7957E-01
2.8035E-01
2.8112E-01
2.8189E-01
2.8267E-01
2.8340E-01
2.8416E-01
2.8488E-01
2.8566E-01
2.8642E-01
2.8722E-01
2.8795E-01
2.8872E-01
2.8947E-01
2.9021E-01
2.9092E-01
2.9166E-01
2.9238E-01
2.9309E-01
2.9383E-01
2.9459E-01
2.9530E-01
2.9609E-01
2.9685E-01
2.9767E-01
2.9851E-01
2.9941E-01
3.0023E-01
3.0113E-01
3.0202E-01
3.0292E-01
3.0379E-01
3.0469E-01
3.0557E-01
3.0648E-01
3.0741E-01
3.0836E-01
3.0927E-01
3.1024E-01
3.1117E-01
3.1213E-01
3.1310E-01
3.1413E-01
3.1508E-01
3.1606E-01
3.1704E-01
3.1802E-01
3.1895E-01
3.1991E-01
3.2085E-01
3.2179E-01
3.2277E-01
3.2379E-01
3.2475E-01
3.2578E-01
3.2674E-01
3.2774E-01
3.2870E-01
3.2974E-01
3.3071E-01
3.3171E-01
3.3270E-01
3.3370E-01
3.3463E-01
3.3561E-01
3.3654E-01
3.3749E-01
3.3847E-01
3.3947E-01
3.4043E-01
3.4141E-01
3.4233E-01
3.4323E-01
3.4408E-01
3.4498E-01
3.4579E-01
3.4663E-01
3.4743E-01
3.4822E-01
3.4895E-01
3.4969E-01
3.5039E-01
3.5109E-01
3.5180E-01
3.5254E-01
3.5324E-01
3.5395E-01
3.5455E-01
3.5512E-01
3.5565E-01
3.5621E-01
3.5667E-01
3.5717E-01
3.5766E-01
3.5812E-01
3.5853E-01
3.5896E-01
3.5934E-01
3.5973E-01
3.6016E-01
3.6063E-01
3.6104E-01
3.6147E-01
3.6177E-01
3.6202E-01
3.6221E-01
3.6242E-01
3.6253E-01
3.6269E-01
3.6280E-01
3.6291E-01
3.6294E-01
3.6300E-01
3.6300E-01
3.6302E-01
3.6305E-01
3.6313E-01
3.6315E-01
3.6316E-01
3.6304E-01
3.6283E-01
3.6255E-01
3.6228E-01
3.6193E-01
3.6161E-01
3.6130E-01
3.6097E-01
3.6060E-01
3.6029E-01
3.5991E-01
3.5956E-01
3.5926E-01
3.5901E-01
3.5874E-01
3.5847E-01
3.5806E-01
3.5755E-01
3.5698E-01
3.5643E-01
3.5580E-01
3.5521E-01
3.5463E-01
3.5404E-01
3.5341E-01
3.5281E-01
3.5216E-01
3.5150E-01
3.5086E-01
3.5025E-01
3.4960E-01
3.4887E-01
3.4799E-01
3.4693E-01
3.4577E-01
3.4456E-01
3.4324E-01
3.4195E-01
3.4060E-01
3.3925E-01
3.3782E-01
3.3642E-01
3.3491E-01
3.3340E-01
3.3189E-01
3.3041E-01
3.2888E-01
3.2729E-01
3.2552E-01
3.2358E-01
3.2157E-01
3.1952E-01
3.1740E-01
3.1533E-01
3.1327E-01
3.1125E-01
3.0921E-01
3.0725E-01
3.0523E-01
3.0324E-01
3.0128E-01
2.9936E-01
2.9747E-01
2.9551E-01
2.9337E-01
2.9108E-01
2.8871E-01
2.8629E-01
2.8381E-01
2.8137E-01
2.7894E-01
2.7655E-01
2.7415E-01
2.7181E-01
2.6937E-01
2.6692E-01
2.6449E-01
2.6206E-01
2.5962E-01
2.5708E-01
2.5434E-01
2.5142E-01
2.4840E-01
2.4530E-01
2.4214E-01
2.3902E-01
2.3591E-01
2.3286E-01
2.2982E-01
2.2687E-01
2.2385E-01
2.2081E-01
2.1779E-01
2.1482E-01
2.1187E-01
2.0883E-01
2.0562E-01
2.0224E-01
1.9879E-01
1.9527E-01
1.9173E-01
1.8825E-01
1.8479E-01
1.8144E-01
1.7815E-01
1.7492E-01
1.7163E-01
1.6835E-01
1.6507E-01
1.6183E-01
1.5861E-01
1.5529E-01
1.5180E-01
1.4813E-01
1.4438E-01
1.4057E-01
1.3672E-01
1.3295E-01
1.2921E-01
1.2560E-01
1.2206E-01
1.1863E-01
1.1515E-01
1.1166E-01
1.0820E-01
1.0478E-01
1.0143E-01
9.799E-02
9.441E-02
9.068E-02
8.692E-02
8.310E-02
7.927E-02
7.554E-02
7.189E-02
6.838E-02
6.498E-02
6.171E-02
5.837E-02
5.504E-02
5.172E-02
4.843E-02
4.517E-02
4.182E-02
3.834E-02
3.468E-02
3.095E-02
2.714E-02
2.329E-02
1.952E-02
1.579E-02
1.218E-02
8.69E-03
5.27E-03
1.78E-03
-1.75E-03
-5.30E-03
-8.84E-03
-1.237E-02
-1.599E-02
-1.975E-02
-2.367E-02
-2.765E-02
-3.172E-02
-3.578E-02
-3.978E-02
-4.370E-02
-4.746E-02
-5.107E-02
-5.456E-02
-5.812E-02
-6.167E-02
-6.523E-02
-6.875E-02
-7.222E-02
-7.576E-02
-7.938E-02
-8.309E-02
-8.685E-02
-9.065E-02
-9.443E-02
-9.811E-02
-1.0170E-01
-1.0511E-01
-1.0834E-01
-1.1147E-01
-1.1461E-01
-1.1777E-01
-1.2095E-01
-1.2411E-01
-1.2720E-01
-1.3036E-01
-1.3360E-01
-1.3693E-01
-1.4030E-01
-1.4373E-01
-1.4713E-01
-1.5048E-01
-1.5374E-01
-1.5684E-01
-1.5976E-01
-1.6259E-01
-1.6547E-01
-1.6839E-01
-1.7133E-01
-1.7429E-01
-1.7718E-01
-1.8017E-01
-1.8320E-01
-1.8633E-01
-1.8950E-01
-1.9272E-01
-1.9591E-01
-1.9906E-01
-2.0214E-01
-2.0503E-01
-2.0778E-01
-2.1044E-01
-2.1313E-01
-2.1585E-01
-2.1860E-01
-2.2135E-01
-2.2405E-01
-2.2680E-01
-2.2957E-01
-2.3240E-01
-2.3523E-01
-2.3810E-01
-2.4092E-01
-2.4367E-01
-2.4634E-01
-2.4882E-01
-2.5111E-01
-2.5333E-01
-2.5552E-01
-2.5775E-01
-2.5997E-01
-2.6220E-01
-2.6433E-01
-2.6651E-01
-2.6868E-01
-2.7086E-01
-2.7302E-01
-2.7522E-01
-2.7736E-01
-2.7944E-01
-2.8143E-01
-2.8325E-01
-2.8491E-01
-2.8649E-01
-2.8807E-01
-2.8969E-01
-2.9131E-01
-2.9296E-01
-2.9454E-01
-2.9617E-01
-2.9778E-01
-2.9941E-01
-3.0104E-01
-3.0270E-01
-3.0431E-01
-3.0589E-01
-3.0739E-01
-3.0875E-01
-3.0993E-01
-3.1109E-01
-3.1221E-01
-3.1337E-01
-3.1454E-01
-3.1570E-01
-3.1681E-01
-3.1793E-01
-3.1901E-01
-3.2008E-01
-3.2113E-01
-3.2217E-01
-3.2313E-01
-3.2407E-01
-3.2492E-01
-3.2562E-01
-3.2614E-01
-3.2663E-01
-3.2707E-01
-3.2753E-01
-3.2800E-01
-3.2848E-01
-3.2889E-01
-3.2933E-01
-3.2971E-01
-3.3007E-01
-3.3044E-01
-3.3082E-01
-3.3115E-01
-3.3145E-01
-3.3172E-01
-3.3188E-01
-3.3192E-01
-3.3196E-01
-3.3196E-01
-3.3202E-01
-3.3210E-01
-3.3221E-01
-3.3227E-01
-3.3237E-01
-3.3243E-01
-3.3246E-01
-3.3249E-01
-3.3256E-01
-3.3254E-01
-3.3252E-01
-3.3245E-01
-3.3229E-01
-3.3202E-01
-3.3172E-01
-3.3139E-01
-3.3105E-01
-3.3074E-01
-3.3044E-01
-3.3006E-01
-3.2969E-01
-3.2925E-01
-3.2878E-01
-3.2829E-01
-3.2780E-01
-3.2723E-01
-3.2666E-01
-3.2604E-01
-3.2538E-01
-3.2460E-01
-3.2383E-01
-3.2302E-01
-3.2225E-01
-3.2149E-01
-3.2075E-01
-3.1999E-01
-3.1925E-01
-3.1846E-01
-3.1767E-01
-3.1687E-01
-3.1612E-01
-3.1529E-01
-3.1452E-01
-3.1373E-01
-3.1292E-01
-3.1204E-01
-3.1120E-01
-3.1033E-01
-3.0949E-01
-3.0869E-01
-3.0790E-01
-3.0707E-01
-3.0628E-01
-3.0543E-01
-3.0458E-01
-3.0371E-01
-3.0287E-01
-3.0195E-01
-3.0108E-01
-3.0018E-01
-2.9928E-01
-2.9832E-01
-2.9738E-01
-2.9640E-01
-2.9544E-01
-2.9451E-01
-2.9357E-01
-2.9261E-01
-2.9168E-01
-2.9070E-01
-2.8972E-01
-2.8874E-01
-2.8777E-01
-2.8676E-01
-2.8581E-01
-2.8485E-01
-2.8392E-01
-2.8297E-01
-2.8205E-01
-2.8112E-01
-2.8022E-01
-2.7935E-01
-2.7849E-01
-2.7762E-01
-2.7680E-01
-2.7595E-01
-2.7509E-01
-2.7426E-01
-2.7347E-01
-2.7261E-01
-2.7181E-01
-2.7102E-01
-2.7026E-01
-2.6948E-01
-2.6876E-01
-2.6798E-01
-2.6722E-01
-2.6648E-01
-2.6574E-01
-2.6496E-01
-2.6422E-01
-2.6343E-01
-2.6264E-01
-2.6185E-01
-2.6109E-01
-2.6027E-01
-2.5949E-01
-2.5870E-01
-2.5797E-01
-2.5723E-01
-2.5652E-01
-2.5579E-01
-2.5507E-01
-2.5435E-01
-2.5366E-01
-2.5296E-01
-2.5228E-01
-2.5159E-01
-2.5092E-01
-2.5028E-01
-2.4968E-01
-2.4903E-01
-2.4844E-01
-2.4787E-01
-2.4737E-01
-2.4686E-01
-2.4643E-01
-2.4596E-01
-2.4552E-01
-2.4508E-01
-2.4466E-01
-2.4422E-01
-2.4381E-01
-2.4338E-01
-2.4297E-01
-2.4256E-01
-2.4220E-01
-2.4177E-01
-2.4138E-01
-2.4100E-01
-2.4065E-01
-2.4032E-01
-2.4000E-01
-2.3965E-01
-2.3931E-01
-2.3896E-01
-2.3861E-01
-2.3825E-01
-2.3790E-01
-2.3754E-01
-2.3720E-01
-2.3687E-01
-2.3660E-01
-2.3625E-01
-2.3599E-01
-2.3573E-01
-2.3553E-01
-2.3534E-01
-2.3520E-01
-2.3505E-01
-2.3491E-01
-2.3482E-01
-2.3472E-01
-2.3461E-01
-2.3456E-01
-2.3452E-01
-2.3452E-01
-2.3453E-01
-2.3459E-01
-2.3463E-01
-2.3471E-01
-2.3482E-01
-2.3497E-01
-2.3513E-01
-2.3534E-01
-2.3553E-01
-2.3572E-01
-2.3594E-01
-2.3614E-01
-2.3635E-01
-2.3659E-01
-2.3681E-01
-2.3708E-01
-2.3735E-01
-2.3768E-01
-2.3795E-01
-2.3826E-01
-2.3858E-01
-2.3896E-01
-2.3931E-01
-2.3972E-01
-2.4010E-01
-2.4048E-01
-2.4089E-01
-2.4130E-01
-2.4168E-01
-2.4210E-01
-2.4253E-01
-2.4299E-01
-2.4345E-01
-2.4395E-01
-2.4440E-01
-2.4489E-01
-2.4538E-01
-2.4588E-01
-2.4639E-01
-2.4691E-01
-2.4742E-01
-2.4791E-01
-2.4841E-01
-2.4892E-01
-2.4938E-01
-2.4988E-01
-2.5036E-01
-2.5088E-01
-2.5138E-01
-2.5192E-01
-2.5241E-01
-2.5293E-01
-2.5345E-01
-2.5399E-01
-2.5450E-01
-2.5505E-01
-2.5556E-01
-2.5609E-01
-2.5663E-01
-2.5718E-01
-2.5771E-01
-2.5827E-01
-2.5881E-01
-2.5941E-01
-2.6000E-01
-2.6063E-01
-2.6122E-01
-2.6183E-01
-2.6245E-01
-2.6308E-01
-2.6368E-01
-2.6433E-01
-2.6493E-01
-2.6555E-01
-2.6616E-01
-2.6680E-01
-2.6740E-01
-2.6803E-01
-2.6864E-01
-2.6928E-01
-2.6989E-01
-2.7056E-01
-2.7114E-01
-2.7177E-01
-2.7239E-01
-2.7301E-01
-2.7358E-01
-2.7416E-01
-2.7473E-01
-2.7530E-01
-2.7588E-01
-2.7647E-01
-2.7702E-01
-2.7761E-01
-2.7816E-01
-2.7875E-01
-2.7932E-01
-2.7993E-01
-2.8047E-01
-2.8105E-01
-2.8161E-01
-2.8218E-01
-2.8270E-01
-2.8322E-01
-2.8373E-01
-2.8423E-01
-2.8475E-01
-2.8529E-01
-2.8576E-01
-2.8627E-01
-2.8674E-01
-2.8723E-01
-2.8769E-01
-2.8820E-01
-2.8863E-01
-2.8907E-01
-2.8950E-01
-2.8991E-01
-2.9025E-01
-2.9060E-01
-2.9092E-01
-2.9123E-01
-2.9157E-01
-2.9190E-01
-2.9217E-01
-2.9247E-01
-2.9274E-01
-2.9299E-01
-2.9324E-01
-2.9351E-01
-2.9372E-01
-2.9394E-01
-2.9414E-01
-2.9433E-01
-2.9446E-01
-2.9462E-01
-2.9473E-01
-2.9484E-01
-2.9498E-01
-2.9514E-01
-2.9523E-01
-2.9538E-01
-2.9549E-01
-2.9560E-01
-2.9571E-01
-2.9585E-01
-2.9593E-01
-2.9606E-01
-2.9615E-01
-2.9626E-01
-2.9631E-01
-2.9640E-01
-2.9645E-01
-2.9653E-01
-2.9662E-01
-2.9675E-01
-2.9683E-01
-2.9696E-01
-2.9704E-01
-2.9713E-01
-2.9721E-01
-2.9735E-01
-2.9740E-01
-2.9749E-01
-2.9757E-01
-2.9765E-01
-2.9767E-01
-2.9770E-01
-2.9770E-01
-2.9772E-01
-2.9773E-01
-2.9775E-01
-2.9772E-01
-2.9772E-01
-2.9765E-01
-2.9759E-01
-2.9749E-01
-2.9743E-01
-2.9729E-01
-2.9716E-01
-2.9700E-01
-2.9685E-01
-2.9662E-01
-2.9642E-01
-2.9617E-01
-2.9591E-01
-2.9569E-01
-2.9546E-01
-2.9519E-01
-2.9495E-01
-2.9466E-01
-2.9440E-01
-2.9411E-01
-2.9387E-01
-2.9357E-01
-2.9332E-01
-2.9305E-01
-2.9282E-01
-2.9253E-01
-2.9229E-01
-2.9202E-01
-2.9179E-01
-2.9158E-01
-2.9141E-01
-2.9120E-01
-2.9103E-01
-2.9084E-01
-2.9067E-01
-2.9048E-01
-2.9035E-01
-2.9014E-01
-2.8999E-01
-2.8983E-01
-2.8967E-01
-2.8946E-01
-2.8929E-01
-2.8908E-01
-2.8888E-01
-2.8867E-01
-2.8847E-01
-2.8823E-01
-2.8801E-01
-2.8772E-01
-2.8744E-01
-2.8714E-01
-2.8686E-01
-2.8651E-01
-2.8618E-01
-2.8583E-01
-2.8548E-01
-2.8510E-01
-2.8474E-01
-2.8434E-01
-2.8395E-01
-2.8357E-01
-2.8319E-01
-2.8279E-01
-2.8243E-01
-2.8203E-01
-2.8165E-01
-2.8128E-01
-2.8096E-01
-2.8058E-01
-2.8025E-01
-2.7993E-01
-2.7965E-01
-2.7935E-01
-2.7909E-01
-2.7883E-01
-2.7857E-01
-2.7834E-01
-2.7813E-01
-2.7789E-01
-2.7770E-01
-2.7748E-01
-2.7728E-01
-2.7707E-01
-2.7691E-01
-2.7668E-01
-2.7649E-01
-2.7628E-01
-2.7609E-01
-2.7587E-01
-2.7568E-01
-2.7544E-01
-2.7521E-01
-2.7497E-01
-2.7473E-01
-2.7445E-01
-2.7419E-01
-2.7389E-01
-2.7359E-01
-2.7329E-01
-2.7302E-01
-2.7268E-01
-2.7236E-01
-2.7204E-01
-2.7176E-01
-2.7144E-01
-2.7117E-01
-2.7087E-01
-2.7057E-01
-2.7030E-01
-2.7005E-01
-2.6978E-01
-2.6956E-01
-2.6931E-01
-2.6910E-01
-2.6890E-01
-2.6876E-01
-2.6855E-01
-2.6842E-01
-2.6830E-01
-2.6820E-01
-2.6811E-01
-2.6806E-01
-2.6798E-01
-2.6793E-01
-2.6790E-01
-2.6789E-01
-2.6784E-01
-2.6784E-01
-2.6782E-01
-2.6782E-01
-2.6782E-01
-2.6785E-01
-2.6782E-01
-2.6784E-01
-2.6785E-01
-2.6789E-01
-2.6789E-01
-2.6792E-01
-2.6792E-01
-2.6792E-01
-2.6793E-01
-2.6793E-01
-2.6790E-01
-2.6792E-01
-2.6789E-01
-2.6789E-01
-2.6787E-01
-2.6790E-01
-2.6787E-01
-2.6789E-01
-2.6789E-01
-2.6792E-01
-2.6793E-01
-2.6800E-01
-2.6803E-01
-2.6806E-01
-2.6814E-01
-2.6822E-01
-2.6827E-01
-2.6838E-01
-2.6846E-01
-2.6858E-01
-2.6871E-01
-2.6890E-01
-2.6902E-01
-2.6921E-01
-2.6940E-01
-2.6964E-01
-2.6985E-01
-2.7012E-01
-2.7034E-01
-2.7059E-01
-2.7087E-01
-2.7116E-01
-2.7141E-01
-2.7173E-01
-2.7200E-01
-2.7230E-01
-2.7261E-01
-2.7294E-01
-2.7323E-01
-2.7355E-01
-2.7385E-01
-2.7418E-01
-2.7446E-01
-2.7478E-01
-2.7505E-01
-2.7532E-01
-2.7558E-01
-2.7584E-01
-2.7606E-01
-2.7630E-01
-2.7649E-01
-2.7669E-01
-2.7688E-01
-2.7709E-01
-2.7723E-01
-2.7739E-01
-2.7751E-01
-2.7766E-01
-2.7775E-01
-2.7788E-01
-2.7796E-01
-2.7802E-01
-2.7810E-01
-2.7819E-01
-2.7822E-01
-2.7830E-01
-2.7835E-01
-2.7843E-01
-2.7849E-01
-2.7860E-01
-2.7865E-01
-2.7875E-01
-2.7886E-01
-2.7897E-01
-2.7908E-01
-2.7920E-01
-2.7933E-01
-2.7947E-01
-2.7965E-01
-2.7984E-01
-2.8001E-01
-2.8022E-01
-2.8042E-01
-2.8066E-01
-2.8091E-01
-2.8120E-01
-2.8145E-01
-2.8173E-01
-2.8203E-01
-2.8235E-01
-2.8262E-01
-2.8295E-01
-2.8324E-01
-2.8355E-01
-2.8388E-01
-2.8422E-01
-2.8453E-01
-2.8486E-01
-2.8518E-01
-2.8551E-01
-2.8583E-01
-2.8618E-01
-2.8646E-01
-2.8679E-01
-2.8709E-01
-2.8741E-01
-2.8766E-01
-2.8795E-01
-2.8820E-01
-2.8845E-01
-2.8871E-01
-2.8897E-01
-2.8920E-01
-2.8945E-01
-2.8964E-01
-2.8986E-01
-2.9005E-01
-2.9027E-01
-2.9043E-01
-2.9060E-01
-2.9076E-01
-2.9092E-01
-2.9103E-01
-2.9117E-01
-2.9125E-01
-2.9134E-01
-2.9144E-01
-2.9155E-01
-2.9160E-01
-2.9168E-01
-2.9172E-01
-2.9177E-01
-2.9180E-01
-2.9187E-01
-2.9187E-01
-2.9190E-01
-2.9190E-01
-2.9191E-01
-2.9188E-01
-2.9188E-01
-2.9185E-01
-2.9184E-01
-2.9184E-01
-2.9184E-01
-2.9182E-01
-2.9182E-01
-2.9180E-01
-2.9180E-01
-2.9180E-01
-2.9185E-01
-2.9184E-01
-2.9187E-01
-2.9190E-01
-2.9195E-01
-2.9196E-01
-2.9201E-01
-2.9204E-01
-2.9209E-01
-2.9217E-01
-2.9228E-01
-2.9234E-01
-2.9245E-01
-2.9253E-01
-2.9263E-01
-2.9272E-01
-2.9285E-01
-2.9293E-01
-2.9304E-01
-2.9313E-01
-2.9324E-01
-2.9331E-01
-2.9340E-01
-2.9345E-01
-2.9351E-01
-2.9357E-01
-2.9364E-01
-2.9367E-01
-2.9372E-01
-2.9372E-01
-2.9370E-01
-2.9368E-01
-2.9368E-01
-2.9362E-01
-2.9357E-01
-2.9351E-01
-2.9345E-01
-2.9334E-01
-2.9324E-01
-2.9312E-01
-2.9299E-01
-2.9286E-01
-2.9275E-01
-2.9261E-01
-2.9248E-01
-2.9233E-01
-2.9217E-01
-2.9201E-01
-2.9188E-01
-2.9169E-01
-2.9155E-01
-2.9139E-01
-2.9125E-01
-2.9108E-01
-2.9092E-01
-2.9074E-01
-2.9057E-01
-2.9041E-01
-2.9027E-01
-2.9010E-01
-2.8994E-01
-2.8975E-01
-2.8957E-01
-2.8937E-01
-2.8921E-01
-2.8899E-01
-2.8880E-01
-2.8859E-01
-2.8839E-01
-2.8817E-01
-2.8796E-01
-2.8771E-01
-2.8747E-01
-2.8727E-01
-2.8705E-01
-2.8681E-01
-2.8660E-01
-2.8637E-01
-2.8614E-01
-2.8594E-01
-2.8576E-01
-2.8553E-01
-2.8535E-01
-2.8518E-01
-2.8504E-01
-2.8486E-01
-2.8475E-01
-2.8461E-01
-2.8450E-01
-2.8441E-01
-2.8434E-01
-2.8426E-01
-2.8422E-01
-2.8415E-01
-2.8410E-01
-2.8406E-01
-2.8406E-01
-2.8399E-01
-2.8398E-01
-2.8395E-01
-2.8395E-01
-2.8392E-01
-2.8390E-01
-2.8385E-01
-2.8380E-01
-2.8377E-01
-2.8374E-01
-2.8366E-01
-2.8361E-01
-2.8352E-01
-2.8343E-01
-2.8333E-01
-2.8325E-01
-2.8311E-01
-2.8300E-01
-2.8287E-01
-2.8276E-01
-2.8262E-01
-2.8251E-01
-2.8235E-01
-2.8221E-01
-2.8208E-01
-2.8197E-01
-2.8181E-01
-2.8169E-01
-2.8154E-01
-2.8142E-01
-2.8128E-01
-2.8120E-01
-2.8104E-01
-2.8093E-01
-2.8082E-01
-2.8074E-01
-2.8061E-01
-2.8053E-01
-2.8042E-01
-2.8033E-01
-2.8023E-01
-2.8015E-01
-2.8004E-01
-2.7996E-01
-2.7984E-01
-2.7974E-01
-2.7963E-01
-2.7957E-01
-2.7944E-01
-2.7935E-01
-2.7924E-01
-2.7916E-01
-2.7905E-01
-2.7898E-01
-2.7887E-01
-2.7876E-01
-2.7868E-01
-2.7860E-01
-2.7849E-01
-2.7843E-01
-2.7832E-01
-2.7826E-01
-2.7818E-01
-2.7815E-01
-2.7805E-01
-2.7800E-01
-2.7796E-01
-2.7792E-01
-2.7788E-01
-2.7788E-01
-2.7785E-01
-2.7783E-01
-2.7781E-01
-2.7783E-01
-2.7781E-01
-2.7783E-01
-2.7781E-01
-2.7783E-01
-2.7785E-01
-2.7789E-01
-2.7789E-01
-2.7792E-01
-2.7796E-01
-2.7802E-01
-2.7805E-01
-2.7811E-01
-2.7815E-01
-2.7819E-01
-2.7826E-01
-2.7832E-01
-2.7837E-01
-2.7845E-01
-2.7849E-01
-2.7856E-01
-2.7862E-01
-2.7873E-01
-2.7878E-01
-2.7887E-01
-2.7895E-01
-2.7905E-01
-2.7913E-01
-2.7924E-01
-2.7932E-01
-2.7939E-01
-2.7949E-01
-2.7960E-01
-2.7966E-01
-2.7977E-01
-2.7984E-01
-2.7993E-01
-2.8001E-01
-2.8014E-01
-2.8018E-01
-2.8028E-01
-2.8037E-01
-2.8047E-01
-2.8053E-01
-2.8063E-01
-2.8069E-01
-2.8075E-01
-2.8083E-01
-2.8091E-01
-2.8096E-01
-2.8104E-01
-2.8109E-01
-2.8115E-01
-2.8121E-01
-2.8131E-01
-2.8134E-01
-2.8142E-01
-2.8148E-01
-2.8156E-01
-2.8161E-01
-2.8169E-01
-2.8175E-01
-2.8180E-01
-2.8188E-01
-2.8197E-01
-2.8202E-01
-2.8211E-01
-2.8218E-01
-2.8227E-01
-2.8235E-01
-2.8248E-01
-2.8254E-01
-2.8265E-01
-2.8276E-01
-2.8290E-01
-2.8300E-01
-2.8314E-01
-2.8325E-01
-2.8339E-01
-2.8354E-01
-2.8371E-01
-2.8385E-01
-2.8403E-01
-2.8417E-01
-2.8434E-01
-2.8452E-01
-2.8474E-01
-2.8488E-01
-2.8507E-01
-2.8526E-01
-2.8545E-01
-2.8562E-01
-2.8581E-01
-2.8597E-01
-2.8613E-01
-2.8629E-01
-2.8646E-01
-2.8659E-01
-2.8674E-01
-2.8686E-01
-2.8697E-01
-2.8706E-01
-2.8720E-01
-2.8725E-01
-2.8733E-01
-2.8738E-01
-2.8744E-01
-2.8746E-01
-2.8749E-01
-2.8749E-01
-2.8749E-01
-2.8749E-01
-2.8750E-01
-2.8747E-01
-2.8747E-01
-2.8744E-01
-2.8742E-01
-2.8741E-01
-2.8742E-01
-2.8739E-01
-2.8741E-01
-2.8741E-01
-2.8744E-01
-2.8744E-01
-2.8749E-01
-2.8752E-01
-2.8757E-01
-2.8763E-01
-2.8772E-01
-2.8779E-01
-2.8791E-01
-2.8799E-01
-2.8810E-01
-2.8822E-01
-2.8837E-01
-2.8847E-01
-2.8861E-01
-2.8875E-01
-2.8889E-01
-2.8901E-01
-2.8913E-01
-2.8924E-01
-2.8934E-01
-2.8946E-01
-2.8957E-01
-2.8965E-01
-2.8976E-01
-2.8983E-01
-2.8989E-01
-2.8995E-01
-2.9003E-01
-2.9005E-01
-2.9011E-01
-2.9014E-01
-2.9018E-01
-2.9019E-01
-2.9022E-01
-2.9021E-01
-2.9022E-01
-2.9024E-01
-2.9027E-01
-2.9025E-01
-2.9029E-01
-2.9029E-01
-2.9029E-01
-2.9029E-01
-2.9032E-01
-2.9029E-01
-2.9030E-01
-2.9029E-01
-2.9029E-01
-2.9025E-01
-2.9024E-01
-2.9019E-01
-2.9013E-01
-2.9008E-01
-2.9003E-01
-2.8994E-01
-2.8987E-01
-2.8975E-01
-2.8964E-01
-2.8950E-01
-2.8938E-01
-2.8920E-01
-2.8904E-01
-2.8886E-01
-2.8869E-01
-2.8848E-01
-2.8829E-01
-2.8807E-01
-2.8787E-01
-2.8766E-01
-2.8749E-01
-2.8728E-01
-2.8712E-01
-2.8693E-01
-2.8678E-01
-2.8663E-01
-2.8654E-01
-2.8641E-01
-2.8633E-01
-2.8627E-01
-2.8624E-01
-2.8619E-01
-2.8619E-01
-2.8618E-01
-2.8621E-01
-2.8625E-01
-2.8633E-01
-2.8638E-01
-2.8649E-01
-2.8656E-01
-2.8665E-01
-2.8674E-01
-2.8687E-01
-2.8693E-01
-2.8703E-01
-2.8712E-01
-2.8722E-01
-2.8727E-01
-2.8733E-01
-2.8736E-01
-2.8738E-01
-2.8739E-01
-2.8741E-01
-2.8739E-01
-2.8738E-01
-2.8731E-01
-2.8727E-01
-2.8720E-01
-2.8716E-01
-2.8705E-01
-2.8697E-01
-2.8689E-01
-2.8681E-01
-2.8670E-01
-2.8663E-01
-2.8652E-01
-2.8643E-01
-2.8637E-01
-2.8630E-01
-2.8622E-01
-2.8618E-01
-2.8611E-01
-2.8607E-01
-2.8602E-01
-2.8602E-01
-2.8595E-01
-2.8594E-01
-2.8591E-01
-2.8591E-01
-2.8588E-01
-2.8588E-01
-2.8583E-01
-2.8580E-01
-2.8578E-01
-2.8576E-01
-2.8570E-01
-2.8565E-01
-2.8558E-01
-2.8551E-01
-2.8542E-01
-2.8535E-01
-2.8521E-01
-2.8510E-01
-2.8497E-01
-2.8486E-01
-2.8471E-01
-2.8456E-01
-2.8439E-01
-2.8423E-01
-2.8407E-01
-2.8392E-01
-2.8374E-01
-2.8358E-01
-2.8341E-01
-2.8325E-01
-2.8309E-01
-2.8298E-01
-2.8281E-01
-2.8270E-01
-2.8259E-01
-2.8251E-01
-2.8241E-01
-2.8238E-01
-2.8232E-01
-2.8229E-01
-2.8227E-01
-2.8230E-01
-2.8230E-01
-2.8237E-01
-2.8240E-01
-2.8248E-01
-2.8256E-01
-2.8270E-01
-2.8278E-01
-2.8292E-01
-2.8306E-01
-2.8322E-01
-2.8336E-01
-2.8355E-01
-2.8369E-01
-2.8387E-01
-2.8404E-01
-2.8422E-01
-2.8436E-01
-2.8453E-01
-2.8467E-01
-2.8482E-01
-2.8494E-01
-2.8510E-01
-2.8516E-01
-2.8527E-01
-2.8535E-01
-2.8543E-01
-2.8546E-01
-2.8553E-01
-2.8553E-01
-2.8553E-01
-2.8553E-01
-2.8551E-01
-2.8546E-01
-2.8543E-01
-2.8537E-01
-2.8531E-01
-2.8524E-01
-2.8521E-01
-2.8510E-01
-2.8504E-01
-2.8497E-01
-2.8493E-01
-2.8485E-01
-2.8480E-01
-2.8474E-01
-2.8469E-01
-2.8466E-01
-2.8466E-01
-2.8463E-01
-2.8463E-01
-2.8461E-01
-2.8463E-01
-2.8463E-01
-2.8469E-01
-2.8469E-01
-2.8474E-01
-2.8478E-01
-2.8485E-01
-2.8486E-01
-2.8493E-01
-2.8496E-01
-2.8499E-01
-2.8504E-01
-2.8509E-01
-2.8510E-01
-2.8513E-01
-2.8513E-01
-2.8515E-01
-2.8513E-01
-2.8516E-01
-2.8513E-01
-2.8512E-01
-2.8510E-01
-2.8509E-01
-2.8505E-01
-2.8504E-01
-2.8499E-01
-2.8494E-01
-2.8493E-01
-2.8491E-01
-2.8486E-01
-2.8486E-01
-2.8483E-01
-2.8482E-01
-2.8480E-01
-2.8483E-01
-2.8482E-01
-2.8483E-01
-2.8485E-01
-2.8488E-01
-2.8488E-01
-2.8493E-01
-2.8494E-01
-2.8496E-01
-2.8499E-01
-2.8504E-01
-2.8504E-01
-2.8507E-01
-2.8507E-01
-2.8509E-01
-2.8509E-01
-2.8513E-01
-2.8510E-01
-2.8510E-01
-2.8509E-01
-2.8509E-01
-2.8505E-01
-2.8505E-01
-2.8502E-01
-2.8499E-01
-2.8499E-01
-2.8499E-01
-2.8497E-01
-2.8499E-01
-2.8499E-01
-2.8501E-01
-2.8504E-01
-2.8512E-01
-2.8515E-01
-2.8523E-01
-2.8532E-01
-2.8545E-01
-2.8554E-01
-2.8570E-01
-2.8583E-01
-2.8599E-01
-2.8616E-01
-2.8637E-01
-2.8654E-01
-2.8676E-01
-2.8693E-01
-2.8716E-01
-2.8735E-01
-2.8760E-01
-2.8777E-01
-2.8798E-01
-2.8817E-01
-2.8836E-01
-2.8852E-01
-2.8869E-01
-2.8880E-01
-2.8893E-01
-2.8904E-01
-2.8915E-01
-2.8921E-01
-2.8929E-01
-2.8931E-01
-2.8934E-01
-2.8934E-01
-2.8937E-01
-2.8931E-01
-2.8929E-01
-2.8924E-01
-2.8921E-01
-2.8913E-01
-2.8907E-01
-2.8897E-01
-2.8888E-01
-2.8882E-01
-2.8874E-01
-2.8863E-01
-2.8855E-01
-2.8844E-01
-2.8836E-01
-2.8825E-01
-2.8820E-01
-2.8807E-01
-2.8799E-01
-2.8791E-01
-2.8785E-01
-2.8776E-01
-2.8769E-01
-2.8761E-01
-2.8754E-01
-2.8749E-01
-2.8746E-01
-2.8739E-01
-2.8738E-01
-2.8733E-01
-2.8731E-01
-2.8730E-01
-2.8733E-01
-2.8730E-01
-2.8733E-01
-2.8738E-01
-2.8744E-01
-2.8747E-01
-2.8757E-01
-2.8763E-01
-2.8772E-01
-2.8784E-01
-2.8798E-01
-2.8809E-01
-2.8825E-01
-2.8837E-01
-2.8852E-01
-2.8867E-01
-2.8886E-01
-2.8899E-01
-2.8915E-01
-2.8929E-01
-2.8945E-01
-2.8956E-01
-2.8970E-01
-2.8978E-01
-2.8986E-01
-2.8994E-01
-2.9000E-01
-2.9002E-01
-2.9005E-01
-2.9002E-01
-2.8999E-01
-2.8992E-01
-2.8989E-01
-2.8976E-01
-2.8965E-01
-2.8953E-01
-2.8942E-01
-2.8924E-01
-2.8910E-01
-2.8893E-01
-2.8875E-01
-2.8859E-01
-2.8845E-01
-2.8828E-01
-2.8815E-01
-2.8799E-01
-2.8787E-01
-2.8776E-01
-2.8771E-01
-2.8760E-01
-2.8755E-01
-2.8750E-01
-2.8750E-01
-2.8749E-01
-2.8752E-01
-2.8754E-01
-2.8757E-01
-2.8763E-01
-2.8771E-01
-2.8777E-01
-2.8788E-01
-2.8795E-01
-2.8803E-01
-2.8810E-01
-2.8822E-01
-2.8826E-01
-2.8834E-01
-2.8839E-01
-2.8845E-01
-2.8847E-01
-2.8850E-01
-2.8848E-01
-2.8847E-01
-2.8845E-01
-2.8844E-01
-2.8837E-01
-2.8833E-01
-2.8823E-01
-2.8815E-01
-2.8804E-01
-2.8799E-01
-2.8785E-01
-2.8776E-01
-2.8765E-01
-2.8757E-01
-2.8746E-01
-2.8738E-01
-2.8727E-01
-2.8719E-01
-2.8711E-01
-2.8706E-01
-2.8698E-01
-2.8697E-01
-2.8690E-01
-2.8687E-01
-2.8684E-01
-2.8686E-01
-2.8682E-01
-2.8682E-01
-2.8684E-01
-2.8687E-01
-2.8687E-01
-2.8690E-01
-2.8692E-01
-2.8693E-01
-2.8697E-01
-2.8701E-01
-2.8703E-01
-2.8709E-01
-2.8711E-01
-2.8714E-01
-2.8716E-01
-2.8722E-01
-2.8722E-01
-2.8727E-01
-2.8730E-01
-2.8735E-01
-2.8738E-01
-2.8742E-01
-2.8746E-01
-2.8749E-01
-2.8754E-01
-2.8761E-01
-2.8765E-01
-2.8771E-01
-2.8776E-01
-2.8780E-01
-2.8787E-01
-2.8796E-01
-2.8798E-01
-2.8806E-01
-2.8810E-01
-2.8818E-01
-2.8822E-01
-2.8828E-01
-2.8831E-01
-2.8833E-01
-2.8837E-01
-2.8840E-01
-2.8840E-01
-2.8842E-01
-2.8840E-01
-2.8839E-01
-2.8836E-01
-2.8836E-01
-2.8828E-01
-2.8823E-01
-2.8817E-01
-2.8812E-01
-2.8803E-01
-2.8796E-01
-2.8785E-01
-2.8776E-01
-2.8766E-01
-2.8758E-01
-2.8746E-01
-2.8736E-01
-2.8725E-01
-2.8716E-01
-2.8705E-01
-2.8698E-01
-2.8687E-01
-2.8679E-01
-2.8673E-01
-2.8668E-01
-2.8662E-01
-2.8659E-01
-2.8654E-01
-2.8651E-01
-2.8651E-01
-2.8652E-01
-2.8652E-01
-2.8656E-01
-2.8657E-01
-2.8662E-01
-2.8667E-01
-2.8676E-01
-2.8679E-01
-2.8689E-01
-2.8697E-01
-2.8706E-01
-2.8714E-01
-2.8725E-01
-2.8733E-01
-2.8742E-01
-2.8752E-01
-2.8763E-01
-2.8769E-01
-2.8779E-01
-2.8785E-01
-2.8791E-01
-2.8796E-01
-2.8806E-01
-2.8806E-01
-2.8809E-01
-2.8810E-01
-2.8814E-01
-2.8810E-01
-2.8810E-01
-2.8806E-01
-2.8801E-01
-2.8798E-01
-2.8793E-01
-2.8785E-01
-2.8780E-01
-2.8771E-01
-2.8761E-01
-2.8752E-01
-2.8747E-01
-2.8735E-01
-2.8727E-01
-2.8719E-01
-2.8711E-01
-2.8701E-01
-2.8697E-01
-2.8687E-01
-2.8681E-01
-2.8676E-01
-2.8673E-01
-2.8668E-01
-2.8667E-01
-2.8662E-01
-2.8660E-01
-2.8659E-01
-2.8662E-01
-2.8659E-01
-2.8660E-01
-2.8660E-01
-2.8663E-01
-2.8663E-01
-2.8667E-01
-2.8667E-01
-2.8667E-01
-2.8670E-01
-2.8673E-01
-2.8673E-01
-2.8674E-01
-2.8674E-01
-2.8674E-01
-2.8674E-01
-2.8679E-01
-2.8678E-01
-2.8679E-01
-2.8679E-01
-2.8684E-01
-2.8684E-01
-2.8687E-01
-2.8689E-01
-2.8692E-01
-2.8697E-01
-2.8703E-01
-2.8708E-01
-2.8716E-01
-2.8722E-01
-2.8731E-01
-2.8739E-01
-2.8754E-01
-2.8760E-01
-2.8772E-01
-2.8784E-01
-2.8798E-01
-2.8809E-01
-2.8823E-01
-2.8833E-01
-2.8844E-01
-2.8855E-01
-2.8867E-01
-2.8875E-01
-2.8885E-01
-2.8889E-01
-2.8896E-01
-2.8899E-01
-2.8905E-01
-2.8904E-01
-2.8904E-01
-2.8902E-01
-2.8901E-01
-2.8894E-01
-2.8889E-01
-2.8882E-01
-2.8872E-01
-2.8864E-01
-2.8855E-01
-2.8842E-01
-2.8834E-01
-2.8820E-01
-2.8809E-01
-2.8796E-01
-2.8790E-01
-2.8776E-01
-2.8766E-01
-2.8757E-01
-2.8749E-01
-2.8739E-01
-2.8735E-01
-2.8727E-01
-2.8720E-01
-2.8717E-01
-2.8716E-01
-2.8712E-01
-2.8712E-01
-2.8709E-01
-2.8708E-01
-2.8708E-01
-2.8711E-01
-2.8708E-01
-2.8709E-01
-2.8709E-01
-2.8712E-01
-2.8711E-01
-2.8712E-01
-2.8712E-01
-2.8712E-01
-2.8712E-01
-2.8716E-01
-2.8714E-01
-2.8716E-01
-2.8716E-01
-2.8716E-01
-2.8716E-01
-2.8720E-01
-2.8719E-01
-2.8722E-01
-2.8725E-01
-2.8730E-01
-2.8731E-01
-2.8738E-01
-2.8741E-01
-2.8746E-01
-2.8752E-01
-2.8760E-01
-2.8763E-01
-2.8772E-01
-2.8777E-01
-2.8784E-01
-2.8788E-01
-2.8798E-01
-2.8801E-01
-2.8806E-01
-2.8810E-01
-2.8817E-01
-2.8817E-01
-2.8822E-01
-2.8820E-01
-2.8818E-01
-2.8818E-01
-2.8818E-01
-2.8814E-01
-2.8812E-01
-2.8806E-01
-2.8801E-01
-2.8795E-01
-2.8793E-01
-2.8784E-01
-2.8779E-01
-2.8774E-01
-2.8771E-01
-2.8765E-01
-2.8761E-01
-2.8758E-01
-2.8755E-01
-2.8755E-01
-2.8757E-01
-2.8757E-01
-2.8763E-01
-2.8765E-01
-2.8771E-01
-2.8777E-01
-2.8788E-01
-2.8793E-01
-2.8804E-01
-2.8815E-01
-2.8828E-01
-2.8837E-01
-2.8852E-01
-2.8861E-01
-2.8872E-01
-2.8883E-01
-2.8896E-01
-2.8904E-01
-2.8913E-01
-2.8920E-01
-2.8926E-01
-2.8929E-01
-2.8935E-01
-2.8934E-01
-2.8935E-01
-2.8934E-01
-2.8932E-01
-2.8924E-01
-2.8920E-01
-2.8910E-01
-2.8899E-01
-2.8889E-01
-2.8878E-01
-2.8863E-01
-2.8850E-01
-2.8834E-01
-2.8818E-01
-2.8801E-01
-2.8788E-01
-2.8768E-01
-2.8752E-01
-2.8736E-01
-2.8722E-01
-2.8705E-01
-2.8692E-01
-2.8676E-01
-2.8663E-01
-2.8652E-01
-2.8643E-01
-2.8630E-01
-2.8624E-01
-2.8616E-01
-2.8610E-01
-2.8605E-01
-2.8605E-01
-2.8600E-01
-2.8602E-01
-2.8603E-01
-2.8608E-01
-2.8610E-01
-2.8616E-01
-2.8621E-01
-2.8627E-01
-2.8637E-01
-2.8648E-01
-2.8656E-01
-2.8668E-01
-2.8676E-01
-2.8689E-01
-2.8698E-01
-2.8714E-01
-2.8722E-01
-2.8733E-01
-2.8744E-01
-2.8757E-01
-2.8765E-01
-2.8776E-01
-2.8782E-01
-2.8788E-01
-2.8796E-01
-2.8804E-01
-2.8807E-01
-2.8814E-01
-2.8815E-01
-2.8818E-01
-2.8818E-01
-2.8823E-01
-2.8820E-01
-2.8820E-01
-2.8820E-01
-2.8820E-01
-2.8815E-01
-2.8815E-01
-2.8810E-01
-2.8806E-01
-2.8803E-01
-2.8801E-01
-2.8796E-01
-2.8793E-01
-2.8788E-01
-2.8784E-01
-2.8779E-01
-2.8779E-01
-2.8772E-01
-2.8769E-01
-2.8766E-01
-2.8765E-01
-2.8758E-01
-2.8757E-01
-2.8752E-01
-2.8749E-01
-2.8747E-01
-2.8746E-01
-2.8741E-01
-2.8741E-01
-2.8736E-01
-2.8733E-01
-2.8730E-01
-2.8731E-01
-2.8727E-01
-2.8725E-01
-2.8723E-01
-2.8725E-01
-2.8722E-01
-2.8723E-01
-2.8722E-01
-2.8720E-01
-2.8722E-01
-2.8725E-01
-2.8725E-01
-2.8730E-01
-2.8731E-01
-2.8735E-01
-2.8738E-01
