-3.5692E-01
-3.5692E-01
-3.5696E-01
-3.5701E-01
-3.5709E-01
-3.5712E-01
-3.5718E-01
-3.5722E-01
-3.5726E-01
-3.5734E-01
-3.5742E-01
-3.5745E-01
-3.5755E-01
-3.5758E-01
-3.5766E-01
-3.5771E-01
-3.5783E-01
-3.5785E-01
-3.5793E-01
-3.5801E-01
-3.5810E-01
-3.5815E-01
-3.5823E-01
-3.5828E-01
-3.5832E-01
-3.5839E-01
-3.5847E-01
-3.5850E-01
-3.5856E-01
-3.5858E-01
-3.5861E-01
-3.5862E-01
-3.5869E-01
-3.5865E-01
-3.5867E-01
-3.5869E-01
-3.5870E-01
-3.5867E-01
-3.5867E-01
-3.5862E-01
-3.5859E-01
-3.5858E-01
-3.5856E-01
-3.5851E-01
-3.5850E-01
-3.5843E-01
-3.5839E-01
-3.5834E-01
-3.5834E-01
-3.5826E-01
-3.5823E-01
-3.5820E-01
-3.5820E-01
-3.5815E-01
-3.5813E-01
-3.5810E-01
-3.5807E-01
-3.5809E-01
-3.5810E-01
-3.5810E-01
-3.5813E-01
-3.5813E-01
-3.5818E-01
-3.5821E-01
-3.5829E-01
-3.5831E-01
-3.5839E-01
-3.5847E-01
-3.5856E-01
-3.5862E-01
-3.5872E-01
-3.5880E-01
-3.5888E-01
-3.5897E-01
-3.5908E-01
-3.5913E-01
-3.5924E-01
-3.5929E-01
-3.5933E-01
-3.5938E-01
-3.5946E-01
-3.5943E-01
-3.5945E-01
-3.5943E-01
-3.5941E-01
-3.5935E-01
-3.5929E-01
-3.5918E-01
-3.5905E-01
-3.5892E-01
-3.5878E-01
-3.5858E-01
-3.5840E-01
-3.5815E-01
-3.5793E-01
-3.5766E-01
-3.5744E-01
-3.5714E-01
-3.5687E-01
-3.5658E-01
-3.5633E-01
-3.5603E-01
-3.5579E-01
-3.5551E-01
-3.5526E-01
-3.5503E-01
-3.5485E-01
-3.5464E-01
-3.5451E-01
-3.5436E-01
-3.5424E-01
-3.5417E-01
-3.5417E-01
-3.5410E-01
-3.5413E-01
-3.5418E-01
-3.5429E-01
-3.5437E-01
-3.5453E-01
-3.5467E-01
-3.5485E-01
-3.5505E-01
-3.5529E-01
-3.5549E-01
-3.5576E-01
-3.5598E-01
-3.5624E-01
-3.5647E-01
-3.5676E-01
-3.5695E-01
-3.5718E-01
-3.5739E-01
-3.5761E-01
-3.5777E-01
-3.5794E-01
-3.5805E-01
-3.5815E-01
-3.5826E-01
-3.5834E-01
-3.5837E-01
-3.5842E-01
-3.5839E-01
-3.5837E-01
-3.5832E-01
-3.5832E-01
-3.5821E-01
-3.5815E-01
-3.5807E-01
-3.5799E-01
-3.5788E-01
-3.5782E-01
-3.5769E-01
-3.5760E-01
-3.5752E-01
-3.5745E-01
-3.5736E-01
-3.5731E-01
-3.5723E-01
-3.5718E-01
-3.5714E-01
-3.5715E-01
-3.5711E-01
-3.5711E-01
-3.5711E-01
-3.5714E-01
-3.5714E-01
-3.5718E-01
-3.5718E-01
-3.5722E-01
-3.5725E-01
-3.5731E-01
-3.5733E-01
-3.5737E-01
-3.5739E-01
-3.5742E-01
-3.5744E-01
-3.5750E-01
-3.5747E-01
-3.5750E-01
-3.5750E-01
-3.5753E-01
-3.5752E-01
-3.5753E-01
-3.5752E-01
-3.5750E-01
-3.5750E-01
-3.5752E-01
-3.5750E-01
-3.5752E-01
-3.5748E-01
-3.5748E-01
-3.5748E-01
-3.5753E-01
-3.5750E-01
-3.5752E-01
-3.5753E-01
-3.5756E-01
-3.5756E-01
-3.5760E-01
-3.5760E-01
-3.5760E-01
-3.5761E-01
-3.5764E-01
-3.5763E-01
-3.5764E-01
-3.5761E-01
-3.5758E-01
-3.5755E-01
-3.5755E-01
-3.5745E-01
-3.5741E-01
-3.5734E-01
-3.5730E-01
-3.5718E-01
-3.5712E-01
-3.5699E-01
-3.5688E-01
-3.5679E-01
-3.5671E-01
-3.5658E-01
-3.5650E-01
-3.5638E-01
-3.5628E-01
-3.5620E-01
-3.5617E-01
-3.5606E-01
-3.5603E-01
-3.5601E-01
-3.5601E-01
-3.5601E-01
-3.5606E-01
-3.5608E-01
-3.5614E-01
-3.5624E-01
-3.5636E-01
-3.5646E-01
-3.5663E-01
-3.5676E-01
-3.5693E-01
-3.5709E-01
-3.5733E-01
-3.5747E-01
-3.5767E-01
-3.5786E-01
-3.5809E-01
-3.5824E-01
-3.5842E-01
-3.5856E-01
-3.5869E-01
-3.5883E-01
-3.5896E-01
-3.5900E-01
-3.5908E-01
-3.5910E-01
-3.5911E-01
-3.5910E-01
-3.5910E-01
-3.5899E-01
-3.5892E-01
-3.5881E-01
-3.5870E-01
-3.5854E-01
-3.5840E-01
-3.5821E-01
-3.5801E-01
-3.5783E-01
-3.5764E-01
-3.5742E-01
-3.5725E-01
-3.5703E-01
-3.5682E-01
-3.5663E-01
-3.5650E-01
-3.5630E-01
-3.5616E-01
-3.5601E-01
-3.5592E-01
-3.5581E-01
-3.5575E-01
-3.5567E-01
-3.5560E-01
-3.5559E-01
-3.5560E-01
-3.5559E-01
-3.5564E-01
-3.5565E-01
-3.5570E-01
-3.5576E-01
-3.5587E-01
-3.5590E-01
-3.5600E-01
-3.5609E-01
-3.5620E-01
-3.5627E-01
-3.5638E-01
-3.5644E-01
-3.5650E-01
-3.5660E-01
-3.5668E-01
-3.5673E-01
-3.5679E-01
-3.5682E-01
-3.5685E-01
-3.5687E-01
-3.5693E-01
-3.5688E-01
-3.5690E-01
-3.5688E-01
-3.5688E-01
-3.5685E-01
-3.5684E-01
-3.5677E-01
-3.5673E-01
-3.5669E-01
-3.5668E-01
-3.5662E-01
-3.5658E-01
-3.5652E-01
-3.5649E-01
-3.5643E-01
-3.5644E-01
-3.5636E-01
-3.5636E-01
-3.5635E-01
-3.5635E-01
-3.5633E-01
-3.5636E-01
-3.5636E-01
-3.5638E-01
-3.5643E-01
-3.5649E-01
-3.5652E-01
-3.5660E-01
-3.5665E-01
-3.5673E-01
-3.5679E-01
-3.5693E-01
-3.5698E-01
-3.5709E-01
-3.5718E-01
-3.5731E-01
-3.5739E-01
-3.5752E-01
-3.5760E-01
-3.5769E-01
-3.5780E-01
-3.5791E-01
-3.5798E-01
-3.5809E-01
-3.5813E-01
-3.5821E-01
-3.5828E-01
-3.5837E-01
-3.5839E-01
-3.5843E-01
-3.5848E-01
-3.5853E-01
-3.5853E-01
-3.5856E-01
-3.5856E-01
-3.5854E-01
-3.5856E-01
-3.5859E-01
-3.5856E-01
-3.5858E-01
-3.5854E-01
-3.5854E-01
-3.5851E-01
-3.5854E-01
-3.5850E-01
-3.5850E-01
-3.5848E-01
-3.5850E-01
-3.5847E-01
-3.5847E-01
-3.5843E-01
-3.5840E-01
-3.5840E-01
-3.5840E-01
-3.5835E-01
-3.5835E-01
-3.5829E-01
-3.5826E-01
-3.5821E-01
-3.5821E-01
-3.5812E-01
-3.5809E-01
-3.5802E-01
-3.5799E-01
-3.5791E-01
-3.5788E-01
-3.5780E-01
-3.5772E-01
-3.5769E-01
-3.5766E-01
-3.5758E-01
-3.5756E-01
-3.5752E-01
-3.5750E-01
-3.5747E-01
-3.5752E-01
-3.5747E-01
-3.5750E-01
-3.5753E-01
-3.5760E-01
-3.5763E-01
-3.5769E-01
-3.5774E-01
-3.5780E-01
-3.5790E-01
-3.5799E-01
-3.5805E-01
-3.5816E-01
-3.5823E-01
-3.5831E-01
-3.5835E-01
-3.5847E-01
-3.5848E-01
-3.5853E-01
-3.5854E-01
-3.5858E-01
-3.5854E-01
-3.5853E-01
-3.5845E-01
-3.5839E-01
-3.5831E-01
-3.5823E-01
-3.5809E-01
-3.5798E-01
-3.5780E-01
-3.5764E-01
-3.5745E-01
-3.5733E-01
-3.5711E-01
-3.5693E-01
-3.5676E-01
-3.5660E-01
-3.5641E-01
-3.5627E-01
-3.5609E-01
-3.5595E-01
-3.5584E-01
-3.5576E-01
-3.5567E-01
-3.5562E-01
-3.5556E-01
-3.5554E-01
-3.5554E-01
-3.5560E-01
-3.5562E-01
-3.5570E-01
-3.5578E-01
-3.5590E-01
-3.5600E-01
-3.5616E-01
-3.5628E-01
-3.5644E-01
-3.5662E-01
-3.5682E-01
-3.5698E-01
-3.5718E-01
-3.5736E-01
-3.5753E-01
-3.5771E-01
-3.5794E-01
-3.5807E-01
-3.5824E-01
-3.5840E-01
-3.5858E-01
-3.5870E-01
-3.5884E-01
-3.5894E-01
-3.5902E-01
-3.5911E-01
-3.5921E-01
-3.5924E-01
-3.5929E-01
-3.5929E-01
-3.5929E-01
-3.5927E-01
-3.5927E-01
-3.5918E-01
-3.5913E-01
-3.5905E-01
-3.5897E-01
-3.5884E-01
-3.5875E-01
-3.5861E-01
-3.5845E-01
-3.5831E-01
-3.5818E-01
-3.5801E-01
-3.5786E-01
-3.5769E-01
-3.5753E-01
-3.5737E-01
-3.5726E-01
-3.5709E-01
-3.5698E-01
-3.5687E-01
-3.5679E-01
-3.5669E-01
-3.5666E-01
-3.5660E-01
-3.5657E-01
-3.5657E-01
-3.5662E-01
-3.5663E-01
-3.5671E-01
-3.5676E-01
-3.5685E-01
-3.5695E-01
-3.5712E-01
-3.5720E-01
-3.5736E-01
-3.5752E-01
-3.5769E-01
-3.5782E-01
-3.5799E-01
-3.5812E-01
-3.5826E-01
-3.5840E-01
-3.5854E-01
-3.5864E-01
-3.5877E-01
-3.5883E-01
-3.5889E-01
-3.5892E-01
-3.5900E-01
-3.5897E-01
-3.5899E-01
-3.5896E-01
-3.5894E-01
-3.5888E-01
-3.5883E-01
-3.5872E-01
-3.5862E-01
-3.5854E-01
-3.5845E-01
-3.5832E-01
-3.5824E-01
-3.5810E-01
-3.5799E-01
-3.5788E-01
-3.5782E-01
-3.5767E-01
-3.5760E-01
-3.5750E-01
-3.5745E-01
-3.5736E-01
-3.5733E-01
-3.5726E-01
-3.5720E-01
-3.5718E-01
-3.5718E-01
-3.5715E-01
-3.5715E-01
-3.5714E-01
-3.5714E-01
-3.5712E-01
-3.5717E-01
-3.5714E-01
-3.5717E-01
-3.5718E-01
-3.5722E-01
-3.5720E-01
-3.5723E-01
-3.5722E-01
-3.5722E-01
-3.5725E-01
-3.5728E-01
-3.5726E-01
-3.5730E-01
-3.5728E-01
-3.5730E-01
-3.5730E-01
-3.5734E-01
-3.5733E-01
-3.5736E-01
-3.5737E-01
-3.5742E-01
-3.5742E-01
-3.5747E-01
-3.5748E-01
-3.5750E-01
-3.5755E-01
-3.5760E-01
-3.5761E-01
-3.5767E-01
-3.5769E-01
-3.5772E-01
-3.5774E-01
-3.5780E-01
-3.5779E-01
-3.5780E-01
-3.5782E-01
-3.5783E-01
-3.5780E-01
-3.5780E-01
-3.5775E-01
-3.5771E-01
-3.5767E-01
-3.5763E-01
-3.5753E-01
-3.5748E-01
-3.5737E-01
-3.5728E-01
-3.5717E-01
-3.5711E-01
-3.5696E-01
-3.5685E-01
-3.5674E-01
-3.5666E-01
-3.5654E-01
-3.5646E-01
-3.5635E-01
-3.5625E-01
-3.5619E-01
-3.5614E-01
-3.5608E-01
-3.5606E-01
-3.5601E-01
-3.5601E-01
-3.5600E-01
-3.5608E-01
-3.5608E-01
-3.5614E-01
-3.5620E-01
-3.5632E-01
-3.5639E-01
-3.5652E-01
-3.5662E-01
-3.5673E-01
-3.5687E-01
-3.5703E-01
-3.5714E-01
-3.5730E-01
-3.5741E-01
-3.5755E-01
-3.5766E-01
-3.5782E-01
-3.5788E-01
-3.5799E-01
-3.5809E-01
-3.5820E-01
-3.5824E-01
-3.5832E-01
-3.5834E-01
-3.5837E-01
-3.5840E-01
-3.5843E-01
-3.5840E-01
-3.5842E-01
-3.5837E-01
-3.5834E-01
-3.5829E-01
-3.5829E-01
-3.5820E-01
-3.5815E-01
-3.5810E-01
-3.5805E-01
-3.5798E-01
-3.5794E-01
-3.5786E-01
-3.5779E-01
-3.5774E-01
-3.5771E-01
-3.5763E-01
-3.5760E-01
-3.5752E-01
-3.5747E-01
-3.5741E-01
-3.5741E-01
-3.5733E-01
-3.5730E-01
-3.5725E-01
-3.5723E-01
-3.5718E-01
-3.5717E-01
-3.5712E-01
-3.5709E-01
-3.5707E-01
-3.5707E-01
-3.5703E-01
-3.5704E-01
-3.5701E-01
-3.5699E-01
-3.5698E-01
-3.5701E-01
-3.5698E-01
-3.5699E-01
-3.5701E-01
-3.5704E-01
-3.5704E-01
-3.5709E-01
-3.5709E-01
-3.5712E-01
-3.5717E-01
-3.5722E-01
-3.5725E-01
-3.5731E-01
-3.5734E-01
-3.5739E-01
-3.5744E-01
-3.5753E-01
-3.5755E-01
-3.5761E-01
-3.5767E-01
-3.5775E-01
-3.5779E-01
-3.5786E-01
-3.5791E-01
-3.5794E-01
-3.5801E-01
-3.5809E-01
-3.5812E-01
-3.5820E-01
-3.5821E-01
-3.5826E-01
-3.5831E-01
-3.5839E-01
-3.5839E-01
-3.5843E-01
-3.5847E-01
-3.5853E-01
-3.5853E-01
-3.5858E-01
-3.5856E-01
-3.5856E-01
-3.5856E-01
-3.5858E-01
-3.5853E-01
-3.5851E-01
-3.5845E-01
-3.5840E-01
-3.5831E-01
-3.5828E-01
-3.5813E-01
-3.5802E-01
-3.5790E-01
-3.5779E-01
-3.5761E-01
-3.5747E-01
-3.5726E-01
-3.5707E-01
-3.5690E-01
-3.5673E-01
-3.5650E-01
-3.5633E-01
-3.5613E-01
-3.5594E-01
-3.5575E-01
-3.5562E-01
-3.5541E-01
-3.5529E-01
-3.5518E-01
-3.5510E-01
-3.5500E-01
-3.5497E-01
-3.5492E-01
-3.5492E-01
-3.5496E-01
-3.5503E-01
-3.5510E-01
-3.5522E-01
-3.5534E-01
-3.5548E-01
-3.5564E-01
-3.5586E-01
-3.5600E-01
-3.5622E-01
-3.5641E-01
-3.5665E-01
-3.5682E-01
-3.5704E-01
-3.5720E-01
-3.5734E-01
-3.5750E-01
-3.5766E-01
-3.5774E-01
-3.5783E-01
-3.5785E-01
-3.5786E-01
-3.5785E-01
-3.5785E-01
-3.5774E-01
-3.5764E-01
-3.5753E-01
-3.5741E-01
-3.5722E-01
-3.5704E-01
-3.5682E-01
-3.5662E-01
-3.5641E-01
-3.5620E-01
-3.5597E-01
-3.5578E-01
-3.5556E-01
-3.5537E-01
-3.5519E-01
-3.5508E-01
-3.5492E-01
-3.5483E-01
-3.5475E-01
-3.5473E-01
-3.5470E-01
-3.5473E-01
-3.5477E-01
-3.5483E-01
-3.5494E-01
-3.5508E-01
-3.5522E-01
-3.5541E-01
-3.5559E-01
-3.5579E-01
-3.5601E-01
-3.5628E-01
-3.5647E-01
-3.5673E-01
-3.5696E-01
-3.5723E-01
-3.5744E-01
-3.5767E-01
-3.5786E-01
-3.5805E-01
-3.5824E-01
-3.5842E-01
-3.5854E-01
-3.5870E-01
-3.5878E-01
-3.5886E-01
-3.5892E-01
-3.5902E-01
-3.5900E-01
-3.5902E-01
-3.5902E-01
-3.5902E-01
-3.5897E-01
-3.5896E-01
-3.5888E-01
-3.5880E-01
-3.5875E-01
-3.5869E-01
-3.5859E-01
-3.5853E-01
-3.5842E-01
-3.5832E-01
-3.5823E-01
-3.5818E-01
-3.5804E-01
-3.5796E-01
-3.5788E-01
-3.5780E-01
-3.5771E-01
-3.5764E-01
-3.5753E-01
-3.5744E-01
-3.5737E-01
-3.5731E-01
-3.5722E-01
-3.5715E-01
-3.5706E-01
-3.5698E-01
-3.5688E-01
-3.5687E-01
-3.5676E-01
-3.5669E-01
-3.5663E-01
-3.5660E-01
-3.5652E-01
-3.5649E-01
-3.5644E-01
-3.5639E-01
-3.5638E-01
-3.5638E-01
-3.5635E-01
-3.5636E-01
-3.5636E-01
-3.5638E-01
-3.5639E-01
-3.5647E-01
-3.5647E-01
-3.5655E-01
-3.5662E-01
-3.5669E-01
-3.5674E-01
-3.5684E-01
-3.5690E-01
-3.5698E-01
-3.5706E-01
-3.5717E-01
-3.5723E-01
-3.5733E-01
-3.5737E-01
-3.5744E-01
-3.5748E-01
-3.5758E-01
-3.5760E-01
-3.5763E-01
-3.5766E-01
-3.5769E-01
-3.5767E-01
-3.5769E-01
-3.5766E-01
-3.5763E-01
-3.5760E-01
-3.5758E-01
-3.5752E-01
-3.5747E-01
-3.5739E-01
-3.5733E-01
-3.5725E-01
-3.5722E-01
-3.5709E-01
-3.5703E-01
-3.5696E-01
-3.5690E-01
-3.5681E-01
-3.5676E-01
-3.5666E-01
-3.5658E-01
-3.5652E-01
-3.5649E-01
-3.5641E-01
-3.5636E-01
-3.5630E-01
-3.5625E-01
-3.5619E-01
-3.5619E-01
-3.5611E-01
-3.5608E-01
-3.5605E-01
-3.5603E-01
-3.5597E-01
-3.5597E-01
-3.5590E-01
-3.5587E-01
-3.5586E-01
-3.5586E-01
-3.5583E-01
-3.5583E-01
-3.5579E-01
-3.5578E-01
-3.5576E-01
-3.5581E-01
-3.5578E-01
-3.5579E-01
-3.5581E-01
-3.5584E-01
-3.5586E-01
-3.5590E-01
-3.5592E-01
-3.5594E-01
-3.5600E-01
-3.5606E-01
-3.5609E-01
-3.5617E-01
-3.5620E-01
-3.5625E-01
-3.5630E-01
-3.5639E-01
-3.5639E-01
-3.5646E-01
-3.5650E-01
-3.5657E-01
-3.5660E-01
-3.5666E-01
-3.5666E-01
-3.5669E-01
-3.5673E-01
-3.5677E-01
-3.5676E-01
-3.5679E-01
-3.5679E-01
-3.5679E-01
-3.5679E-01
-3.5682E-01
-3.5679E-01
-3.5681E-01
-3.5681E-01
-3.5684E-01
-3.5684E-01
-3.5687E-01
-3.5687E-01
-3.5688E-01
-3.5693E-01
-3.5699E-01
-3.5701E-01
-3.5709E-01
-3.5712E-01
-3.5718E-01
-3.5725E-01
-3.5736E-01
-3.5739E-01
-3.5748E-01
-3.5756E-01
-3.5766E-01
-3.5771E-01
-3.5782E-01
-3.5786E-01
-3.5791E-01
-3.5799E-01
-3.5807E-01
-3.5809E-01
-3.5815E-01
-3.5816E-01
-3.5818E-01
-3.5818E-01
-3.5821E-01
-3.5816E-01
-3.5815E-01
-3.5812E-01
-3.5810E-01
-3.5804E-01
-3.5801E-01
-3.5794E-01
-3.5786E-01
-3.5782E-01
-3.5779E-01
-3.5771E-01
-3.5767E-01
-3.5760E-01
-3.5755E-01
-3.5748E-01
-3.5750E-01
-3.5742E-01
-3.5742E-01
-3.5741E-01
-3.5742E-01
-3.5741E-01
-3.5744E-01
-3.5742E-01
-3.5744E-01
-3.5747E-01
-3.5753E-01
-3.5755E-01
-3.5760E-01
-3.5761E-01
-3.5764E-01
-3.5766E-01
-3.5772E-01
-3.5769E-01
-3.5772E-01
-3.5772E-01
-3.5772E-01
-3.5769E-01
-3.5767E-01
-3.5761E-01
-3.5755E-01
-3.5748E-01
-3.5742E-01
-3.5731E-01
-3.5723E-01
-3.5711E-01
-3.5698E-01
-3.5685E-01
-3.5676E-01
-3.5658E-01
-3.5644E-01
-3.5630E-01
-3.5617E-01
-3.5601E-01
-3.5589E-01
-3.5573E-01
-3.5560E-01
-3.5549E-01
-3.5540E-01
-3.5527E-01
-3.5519E-01
-3.5510E-01
-3.5503E-01
-3.5496E-01
-3.5496E-01
-3.5489E-01
-3.5489E-01
-3.5489E-01
-3.5492E-01
-3.5492E-01
-3.5497E-01
-3.5500E-01
-3.5505E-01
-3.5511E-01
-3.5521E-01
-3.5527E-01
-3.5538E-01
-3.5545E-01
-3.5554E-01
-3.5562E-01
-3.5575E-01
-3.5579E-01
-3.5589E-01
-3.5597E-01
-3.5606E-01
-3.5611E-01
-3.5619E-01
-3.5622E-01
-3.5625E-01
-3.5628E-01
-3.5633E-01
-3.5632E-01
-3.5633E-01
-3.5630E-01
-3.5627E-01
-3.5622E-01
-3.5622E-01
-3.5611E-01
-3.5606E-01
-3.5600E-01
-3.5595E-01
-3.5584E-01
-3.5579E-01
-3.5570E-01
-3.5560E-01
-3.5554E-01
-3.5549E-01
-3.5541E-01
-3.5538E-01
-3.5532E-01
-3.5527E-01
-3.5524E-01
-3.5527E-01
-3.5522E-01
-3.5524E-01
-3.5527E-01
-3.5534E-01
-3.5537E-01
-3.5545E-01
-3.5549E-01
-3.5557E-01
-3.5567E-01
-3.5579E-01
-3.5587E-01
-3.5600E-01
-3.5608E-01
-3.5619E-01
-3.5628E-01
-3.5643E-01
-3.5647E-01
-3.5658E-01
-3.5666E-01
-3.5676E-01
-3.5681E-01
-3.5687E-01
-3.5690E-01
-3.5692E-01
-3.5695E-01
-3.5698E-01
-3.5696E-01
-3.5698E-01
-3.5693E-01
-3.5692E-01
-3.5687E-01
-3.5688E-01
-3.5681E-01
-3.5677E-01
-3.5673E-01
-3.5671E-01
-3.5665E-01
-3.5663E-01
-3.5657E-01
-3.5654E-01
-3.5652E-01
-3.5652E-01
-3.5647E-01
-3.5649E-01
-3.5646E-01
-3.5644E-01
-3.5643E-01
-3.5647E-01
-3.5643E-01
-3.5644E-01
-3.5644E-01
-3.5647E-01
-3.5644E-01
-3.5647E-01
-3.5644E-01
-3.5643E-01
-3.5641E-01
-3.5643E-01
-3.5638E-01
-3.5638E-01
-3.5632E-01
-3.5628E-01
-3.5624E-01
-3.5625E-01
-3.5616E-01
-3.5614E-01
-3.5609E-01
-3.5608E-01
-3.5603E-01
-3.5601E-01
-3.5597E-01
-3.5595E-01
-3.5595E-01
-3.5597E-01
-3.5594E-01
-3.5597E-01
-3.5597E-01
-3.5600E-01
-3.5601E-01
-3.5609E-01
-3.5609E-01
-3.5616E-01
-3.5620E-01
-3.5628E-01
-3.5630E-01
-3.5638E-01
-3.5641E-01
-3.5644E-01
-3.5649E-01
-3.5654E-01
-3.5654E-01
-3.5657E-01
-3.5655E-01
-3.5655E-01
-3.5652E-01
-3.5654E-01
-3.5646E-01
-3.5641E-01
-3.5635E-01
-3.5630E-01
-3.5620E-01
-3.5614E-01
-3.5603E-01
-3.5592E-01
-3.5583E-01
-3.5575E-01
-3.5562E-01
-3.5554E-01
-3.5543E-01
-3.5534E-01
-3.5524E-01
-3.5519E-01
-3.5508E-01
-3.5503E-01
-3.5499E-01
-3.5497E-01
-3.5491E-01
-3.5492E-01
-3.5489E-01
-3.5489E-01
-3.5491E-01
-3.5496E-01
-3.5497E-01
-3.5503E-01
-3.5507E-01
-3.5513E-01
-3.5518E-01
-3.5527E-01
-3.5530E-01
-3.5537E-01
-3.5543E-01
-3.5551E-01
-3.5556E-01
-3.5562E-01
-3.5565E-01
-3.5567E-01
-3.5571E-01
-3.5576E-01
-3.5576E-01
-3.5579E-01
-3.5578E-01
-3.5578E-01
-3.5575E-01
-3.5578E-01
-3.5571E-01
-3.5570E-01
-3.5567E-01
-3.5567E-01
-3.5560E-01
-3.5559E-01
-3.5554E-01
-3.5551E-01
-3.5548E-01
-3.5548E-01
-3.5545E-01
-3.5545E-01
-3.5541E-01
-3.5541E-01
-3.5540E-01
-3.5546E-01
-3.5543E-01
-3.5546E-01
-3.5549E-01
-3.5556E-01
-3.5557E-01
-3.5564E-01
-3.5567E-01
-3.5571E-01
-3.5578E-01
-3.5587E-01
-3.5590E-01
-3.5598E-01
-3.5603E-01
-3.5609E-01
-3.5614E-01
-3.5624E-01
-3.5625E-01
-3.5632E-01
-3.5636E-01
-3.5643E-01
-3.5644E-01
-3.5650E-01
-3.5650E-01
-3.5654E-01
-3.5657E-01
-3.5662E-01
-3.5662E-01
-3.5665E-01
-3.5665E-01
-3.5666E-01
-3.5666E-01
-3.5671E-01
-3.5668E-01
-3.5671E-01
-3.5673E-01
-3.5676E-01
-3.5674E-01
-3.5677E-01
-3.5677E-01
-3.5677E-01
-3.5681E-01
-3.5684E-01
-3.5682E-01
-3.5685E-01
-3.5685E-01
-3.5685E-01
-3.5685E-01
-3.5690E-01
-3.5685E-01
-3.5685E-01
-3.5685E-01
-3.5685E-01
-3.5682E-01
-3.5681E-01
-3.5676E-01
-3.5673E-01
-3.5669E-01
-3.5668E-01
-3.5662E-01
-3.5658E-01
-3.5652E-01
-3.5647E-01
-3.5641E-01
-3.5641E-01
-3.5633E-01
-3.5630E-01
-3.5625E-01
-3.5624E-01
-3.5619E-01
-3.5617E-01
-3.5614E-01
-3.5611E-01
-3.5611E-01
-3.5613E-01
-3.5611E-01
-3.5613E-01
-3.5613E-01
-3.5614E-01
-3.5616E-01
-3.5622E-01
-3.5620E-01
-3.5624E-01
-3.5627E-01
-3.5632E-01
-3.5632E-01
-3.5636E-01
-3.5635E-01
-3.5635E-01
-3.5636E-01
-3.5639E-01
-3.5636E-01
-3.5638E-01
-3.5633E-01
-3.5630E-01
-3.5627E-01
-3.5627E-01
-3.5619E-01
-3.5614E-01
-3.5609E-01
-3.5606E-01
-3.5598E-01
-3.5594E-01
-3.5586E-01
-3.5579E-01
-3.5576E-01
-3.5573E-01
-3.5567E-01
-3.5565E-01
-3.5560E-01
-3.5559E-01
-3.5556E-01
-3.5560E-01
-3.5556E-01
-3.5559E-01
-3.5560E-01
-3.5565E-01
-3.5567E-01
-3.5573E-01
-3.5576E-01
-3.5579E-01
-3.5586E-01
-3.5594E-01
-3.5597E-01
-3.5603E-01
-3.5606E-01
-3.5609E-01
-3.5611E-01
-3.5617E-01
-3.5616E-01
-3.5616E-01
-3.5616E-01
-3.5616E-01
-3.5611E-01
-3.5608E-01
-3.5601E-01
-3.5594E-01
-3.5587E-01
-3.5581E-01
-3.5570E-01
-3.5562E-01
-3.5551E-01
-3.5540E-01
-3.5529E-01
-3.5524E-01
-3.5510E-01
-3.5502E-01
-3.5494E-01
-3.5488E-01
-3.5480E-01
-3.5477E-01
-3.5470E-01
-3.5467E-01
-3.5467E-01
-3.5469E-01
-3.5469E-01
-3.5473E-01
-3.5477E-01
-3.5481E-01
-3.5488E-01
-3.5499E-01
-3.5503E-01
-3.5513E-01
-3.5522E-01
-3.5535E-01
-3.5541E-01
-3.5554E-01
-3.5560E-01
-3.5568E-01
-3.5578E-01
-3.5587E-01
-3.5592E-01
-3.5598E-01
-3.5600E-01
-3.5603E-01
-3.5605E-01
-3.5609E-01
-3.5605E-01
-3.5605E-01
-3.5601E-01
-3.5601E-01
-3.5595E-01
-3.5594E-01
-3.5587E-01
-3.5583E-01
-3.5579E-01
-3.5578E-01
-3.5571E-01
-3.5571E-01
-3.5568E-01
-3.5567E-01
-3.5567E-01
-3.5573E-01
-3.5571E-01
-3.5576E-01
-3.5583E-01
-3.5592E-01
-3.5598E-01
-3.5611E-01
-3.5619E-01
-3.5630E-01
-3.5643E-01
-3.5658E-01
-3.5669E-01
-3.5684E-01
-3.5695E-01
-3.5707E-01
-3.5717E-01
-3.5733E-01
-3.5737E-01
-3.5747E-01
-3.5753E-01
-3.5760E-01
-3.5760E-01
-3.5763E-01
-3.5758E-01
-3.5753E-01
-3.5748E-01
-3.5742E-01
-3.5730E-01
-3.5720E-01
-3.5704E-01
-3.5690E-01
-3.5673E-01
-3.5660E-01
-3.5638E-01
-3.5620E-01
-3.5601E-01
-3.5586E-01
-3.5567E-01
-3.5552E-01
-3.5535E-01
-3.5519E-01
-3.5508E-01
-3.5500E-01
-3.5489E-01
-3.5485E-01
-3.5478E-01
-3.5477E-01
-3.5475E-01
-3.5483E-01
-3.5483E-01
-3.5491E-01
-3.5500E-01
-3.5511E-01
-3.5522E-01
-3.5537E-01
-3.5549E-01
-3.5562E-01
-3.5578E-01
-3.5595E-01
-3.5608E-01
-3.5625E-01
-3.5636E-01
-3.5649E-01
-3.5660E-01
-3.5674E-01
-3.5679E-01
-3.5688E-01
-3.5693E-01
-3.5699E-01
-3.5699E-01
-3.5701E-01
-3.5698E-01
-3.5695E-01
-3.5692E-01
-3.5688E-01
-3.5679E-01
-3.5674E-01
-3.5663E-01
-3.5655E-01
-3.5644E-01
-3.5639E-01
-3.5627E-01
-3.5619E-01
-3.5611E-01
-3.5605E-01
-3.5597E-01
-3.5592E-01
-3.5584E-01
-3.5578E-01
-3.5575E-01
-3.5575E-01
-3.5570E-01
-3.5570E-01
-3.5567E-01
-3.5567E-01
-3.5565E-01
-3.5570E-01
-3.5565E-01
-3.5567E-01
-3.5567E-01
-3.5568E-01
-3.5565E-01
-3.5567E-01
-3.5562E-01
-3.5559E-01
-3.5557E-01
-3.5556E-01
-3.5549E-01
-3.5546E-01
-3.5540E-01
-3.5534E-01
-3.5527E-01
-3.5526E-01
-3.5515E-01
-3.5510E-01
-3.5503E-01
-3.5502E-01
-3.5494E-01
-3.5494E-01
-3.5489E-01
-3.5486E-01
-3.5486E-01
-3.5489E-01
-3.5489E-01
-3.5496E-01
-3.5499E-01
-3.5505E-01
-3.5511E-01
-3.5524E-01
-3.5530E-01
-3.5541E-01
-3.5554E-01
-3.5568E-01
-3.5579E-01
-3.5594E-01
-3.5605E-01
-3.5617E-01
-3.5632E-01
-3.5646E-01
-3.5655E-01
-3.5668E-01
-3.5676E-01
-3.5684E-01
-3.5690E-01
-3.5699E-01
-3.5701E-01
-3.5704E-01
-3.5706E-01
-3.5709E-01
-3.5706E-01
-3.5706E-01
-3.5701E-01
-3.5696E-01
-3.5692E-01
-3.5688E-01
-3.5681E-01
-3.5676E-01
-3.5666E-01
-3.5660E-01
-3.5652E-01
-3.5650E-01
-3.5639E-01
-3.5635E-01
-3.5630E-01
-3.5628E-01
-3.5622E-01
-3.5622E-01
-3.5617E-01
-3.5616E-01
-3.5617E-01
-3.5620E-01
-3.5619E-01
-3.5624E-01
-3.5624E-01
-3.5627E-01
-3.5630E-01
-3.5638E-01
-3.5639E-01
-3.5644E-01
-3.5649E-01
-3.5657E-01
-3.5660E-01
-3.5666E-01
-3.5669E-01
-3.5673E-01
-3.5677E-01
-3.5684E-01
-3.5685E-01
-3.5692E-01
-3.5693E-01
-3.5696E-01
-3.5699E-01
-3.5707E-01
-3.5706E-01
-3.5711E-01
-3.5712E-01
-3.5718E-01
-3.5718E-01
-3.5723E-01
-3.5725E-01
-3.5726E-01
-3.5730E-01
-3.5734E-01
-3.5733E-01
-3.5737E-01
-3.5736E-01
-3.5737E-01
-3.5736E-01
-3.5741E-01
-3.5736E-01
-3.5736E-01
-3.5733E-01
-3.5731E-01
-3.5725E-01
-3.5723E-01
-3.5714E-01
-3.5706E-01
-3.5699E-01
-3.5693E-01
-3.5682E-01
-3.5674E-01
-3.5662E-01
-3.5650E-01
-3.5638E-01
-3.5630E-01
-3.5613E-01
-3.5603E-01
-3.5590E-01
-3.5581E-01
-3.5567E-01
-3.5559E-01
-3.5546E-01
-3.5537E-01
-3.5529E-01
-3.5524E-01
-3.5516E-01
-3.5513E-01
-3.5507E-01
-3.5503E-01
-3.5500E-01
-3.5503E-01
-3.5500E-01
-3.5502E-01
-3.5503E-01
-3.5508E-01
-3.5508E-01
-3.5515E-01
-3.5516E-01
-3.5518E-01
-3.5522E-01
-3.5527E-01
-3.5529E-01
-3.5532E-01
-3.5532E-01
-3.5534E-01
-3.5532E-01
-3.5535E-01
-3.5530E-01
-3.5529E-01
-3.5526E-01
-3.5524E-01
-3.5518E-01
-3.5515E-01
-3.5505E-01
-3.5499E-01
-3.5492E-01
-3.5488E-01
-3.5480E-01
-3.5475E-01
-3.5467E-01
-3.5461E-01
-3.5456E-01
-3.5456E-01
-3.5448E-01
-3.5448E-01
-3.5447E-01
-3.5450E-01
-3.5450E-01
-3.5454E-01
-3.5458E-01
-3.5462E-01
-3.5472E-01
-3.5483E-01
-3.5491E-01
-3.5503E-01
-3.5513E-01
-3.5526E-01
-3.5537E-01
-3.5552E-01
-3.5562E-01
-3.5576E-01
-3.5589E-01
-3.5605E-01
-3.5616E-01
-3.5632E-01
-3.5643E-01
-3.5654E-01
-3.5668E-01
-3.5684E-01
-3.5695E-01
-3.5709E-01
-3.5714E-01
-3.5715E-01
-3.5715E-01
-3.5717E-01
-3.5712E-01
-3.5711E-01
-3.5711E-01
-3.5712E-01
-3.5711E-01
-3.5714E-01
-3.5712E-01
-3.5714E-01
-3.5720E-01
-3.5733E-01
-3.5744E-01
-3.5755E-01
-3.5752E-01
-3.5742E-01
-3.5728E-01
-3.5715E-01
-3.5698E-01
-3.5687E-01
-3.5679E-01
-3.5676E-01
-3.5671E-01
-3.5674E-01
-3.5674E-01
-3.5677E-01
-3.5688E-01
-3.5709E-01
-3.5731E-01
-3.5750E-01
-3.5747E-01
-3.5730E-01
-3.5703E-01
-3.5676E-01
-3.5646E-01
-3.5622E-01
-3.5603E-01
-3.5592E-01
-3.5583E-01
-3.5581E-01
-3.5578E-01
-3.5581E-01
-3.5592E-01
-3.5617E-01
-3.5647E-01
-3.5673E-01
-3.5673E-01
-3.5652E-01
-3.5620E-01
-3.5590E-01
-3.5557E-01
-3.5535E-01
-3.5519E-01
-3.5515E-01
-3.5515E-01
-3.5527E-01
-3.5538E-01
-3.5556E-01
-3.5584E-01
-3.5627E-01
-3.5674E-01
-3.5717E-01
-3.5733E-01
-3.5725E-01
-3.5707E-01
-3.5685E-01
-3.5662E-01
-3.5647E-01
-3.5639E-01
-3.5641E-01
-3.5647E-01
-3.5666E-01
-3.5681E-01
-3.5698E-01
-3.5725E-01
-3.5761E-01
-3.5801E-01
-3.5832E-01
-3.5842E-01
-3.5824E-01
-3.5799E-01
-3.5766E-01
-3.5730E-01
-3.5703E-01
-3.5679E-01
-3.5662E-01
-3.5650E-01
-3.5647E-01
-3.5636E-01
-3.5628E-01
-3.5620E-01
-3.5616E-01
-3.5613E-01
-3.5595E-01
-3.5552E-01
-3.5481E-01
-3.5396E-01
-3.5295E-01
-3.5181E-01
-3.5066E-01
-3.4942E-01
-3.4814E-01
-3.4680E-01
-3.4541E-01
-3.4376E-01
-3.4196E-01
-3.4000E-01
-3.3787E-01
-3.3554E-01
-3.3290E-01
-3.2985E-01
-3.2633E-01
-3.2249E-01
-3.1828E-01
-3.1376E-01
-3.0900E-01
-3.0396E-01
-2.9871E-01
-2.9321E-01
-2.8747E-01
-2.8131E-01
-2.7483E-01
-2.6801E-01
-2.6088E-01
-2.5345E-01
-2.4560E-01
-2.3725E-01
-2.2840E-01
-2.1918E-01
-2.0956E-01
-1.9961E-01
-1.8945E-01
-1.7903E-01
-1.6847E-01
-1.5775E-01
-1.4688E-01
-1.3570E-01
-1.2432E-01
-1.1272E-01
-1.0096E-01
-8.908E-02
-7.696E-02
-6.457E-02
-5.192E-02
-3.912E-02
-2.615E-02
-1.314E-02
-1.8E-04
1.280E-02
2.560E-02
3.828E-02
5.085E-02
6.341E-02
7.592E-02
8.836E-02
1.0069E-01
1.1285E-01
1.2495E-01
1.3703E-01
1.4906E-01
1.6095E-01
1.7271E-01
1.8425E-01
1.9547E-01
2.0640E-01
2.1685E-01
2.2688E-01
2.3651E-01
2.4590E-01
2.5497E-01
2.6373E-01
2.7216E-01
2.8016E-01
2.8787E-01
2.9533E-01
3.0249E-01
3.0934E-01
3.1585E-01
3.2195E-01
3.2758E-01
3.3275E-01
3.3730E-01
3.4130E-01
3.4481E-01
3.4797E-01
3.5082E-01
3.5330E-01
3.5546E-01
3.5720E-01
3.5872E-01
3.6000E-01
3.6108E-01
3.6191E-01
3.6256E-01
3.6294E-01
3.6299E-01
3.6277E-01
3.6209E-01
3.6104E-01
3.5973E-01
3.5831E-01
3.5682E-01
3.5527E-01
3.5368E-01
3.5191E-01
3.5020E-01
3.4851E-01
3.4686E-01
3.4527E-01
3.4375E-01
3.4220E-01
3.4060E-01
3.3895E-01
3.3706E-01
3.3501E-01
3.3291E-01
3.3091E-01
3.2908E-01
3.2737E-01
3.2579E-01
3.2423E-01
3.2288E-01
3.2167E-01
3.2064E-01
3.1977E-01
3.1907E-01
3.1844E-01
3.1787E-01
3.1730E-01
3.1658E-01
3.1569E-01
3.1482E-01
3.1410E-01
3.1357E-01
3.1324E-01
3.1304E-01
3.1288E-01
3.1293E-01
3.1308E-01
3.1342E-01
3.1386E-01
3.1447E-01
3.1512E-01
3.1582E-01
3.1645E-01
3.1689E-01
3.1715E-01
3.1738E-01
3.1768E-01
3.1816E-01
3.1876E-01
3.1942E-01
3.2007E-01
3.2086E-01
3.2167E-01
3.2258E-01
3.2355E-01
3.2461E-01
3.2562E-01
3.2666E-01
3.2758E-01
3.2834E-01
3.2888E-01
3.2938E-01
3.2989E-01
3.3049E-01
3.3117E-01
3.3188E-01
3.3254E-01
3.3329E-01
3.3400E-01
3.3477E-01
3.3555E-01
3.3640E-01
3.3719E-01
3.3800E-01
3.3874E-01
3.3939E-01
3.3988E-01
3.4037E-01
3.4086E-01
3.4143E-01
3.4206E-01
3.4272E-01
3.4337E-01
3.4408E-01
3.4478E-01
3.4554E-01
3.4631E-01
3.4717E-01
3.4796E-01
3.4881E-01
3.4966E-01
3.5052E-01
3.5131E-01
3.5213E-01
3.5294E-01
3.5379E-01
3.5467E-01
3.5557E-01
3.5644E-01
3.5735E-01
3.5820E-01
3.5905E-01
3.5987E-01
3.6074E-01
3.6149E-01
3.6226E-01
3.6299E-01
3.6370E-01
3.6432E-01
3.6495E-01
3.6547E-01
3.6596E-01
3.6642E-01
3.6683E-01
3.6715E-01
3.6745E-01
3.6765E-01
3.6783E-01
3.6794E-01
3.6805E-01
3.6803E-01
3.6802E-01
3.6795E-01
3.6787E-01
3.6772E-01
3.6757E-01
3.6737E-01
3.6713E-01
3.6688E-01
3.6662E-01
3.6631E-01
3.6602E-01
3.6569E-01
3.6536E-01
3.6503E-01
3.6474E-01
3.6436E-01
3.6403E-01
3.6368E-01
3.6337E-01
3.6299E-01
3.6266E-01
3.6228E-01
3.6193E-01
3.6161E-01
3.6131E-01
3.6098E-01
3.6071E-01
3.6041E-01
3.6016E-01
3.5991E-01
3.5973E-01
3.5948E-01
3.5929E-01
3.5910E-01
3.5894E-01
3.5874E-01
3.5858E-01
3.5839E-01
3.5825E-01
3.5814E-01
3.5806E-01
3.5796E-01
3.5790E-01
3.5782E-01
3.5779E-01
3.5774E-01
3.5776E-01
3.5769E-01
3.5768E-01
3.5763E-01
3.5760E-01
3.5750E-01
3.5744E-01
3.5731E-01
3.5720E-01
3.5709E-01
3.5700E-01
3.5682E-01
3.5670E-01
3.5649E-01
3.5630E-01
3.5608E-01
3.5591E-01
3.5562E-01
3.5537E-01
3.5508E-01
3.5478E-01
3.5442E-01
3.5407E-01
3.5368E-01
3.5330E-01
3.5292E-01
3.5254E-01
3.5213E-01
3.5175E-01
3.5132E-01
3.5091E-01
3.5050E-01
3.5015E-01
3.4973E-01
3.4936E-01
3.4898E-01
3.4864E-01
3.4827E-01
3.4796E-01
3.4761E-01
3.4731E-01
3.4705E-01
3.4685E-01
3.4661E-01
3.4647E-01
3.4630E-01
3.4619E-01
3.4611E-01
3.4611E-01
3.4606E-01
3.4611E-01
3.4617E-01
3.4630E-01
3.4642E-01
3.4661E-01
3.4680E-01
3.4702E-01
3.4731E-01
3.4764E-01
3.4794E-01
3.4832E-01
3.4867E-01
3.4906E-01
3.4944E-01
3.4992E-01
3.5030E-01
3.5075E-01
3.5120E-01
3.5167E-01
3.5210E-01
3.5259E-01
3.5301E-01
3.5344E-01
3.5388E-01
3.5434E-01
3.5472E-01
3.5515E-01
3.5551E-01
3.5589E-01
3.5624E-01
3.5663E-01
3.5693E-01
3.5727E-01
3.5757E-01
3.5788E-01
3.5815E-01
3.5847E-01
3.5870E-01
3.5894E-01
3.5918E-01
3.5942E-01
3.5959E-01
3.5981E-01
3.5995E-01
3.6011E-01
3.6025E-01
3.6043E-01
3.6051E-01
3.6062E-01
3.6070E-01
3.6079E-01
3.6082E-01
3.6087E-01
3.6087E-01
3.6085E-01
3.6085E-01
3.6084E-01
3.6076E-01
3.6071E-01
3.6060E-01
3.6051E-01
3.6040E-01
3.6032E-01
3.6014E-01
3.6000E-01
3.5986E-01
3.5972E-01
3.5951E-01
3.5937E-01
3.5915E-01
3.5896E-01
3.5877E-01
3.5858E-01
3.5836E-01
3.5817E-01
3.5793E-01
3.5772E-01
3.5752E-01
3.5735E-01
3.5711E-01
3.5692E-01
3.5671E-01
3.5654E-01
3.5633E-01
3.5616E-01
3.5597E-01
3.5578E-01
3.5564E-01
3.5550E-01
3.5534E-01
3.5523E-01
3.5508E-01
3.5499E-01
3.5490E-01
3.5486E-01
3.5477E-01
3.5474E-01
3.5471E-01
3.5472E-01
3.5469E-01
3.5472E-01
3.5471E-01
3.5472E-01
3.5477E-01
3.5483E-01
3.5486E-01
3.5493E-01
3.5496E-01
3.5501E-01
3.5505E-01
3.5515E-01
3.5515E-01
3.5518E-01
3.5521E-01
3.5523E-01
3.5520E-01
3.5520E-01
3.5513E-01
3.5508E-01
3.5504E-01
3.5501E-01
3.5491E-01
3.5486E-01
3.5477E-01
3.5471E-01
3.5464E-01
3.5463E-01
3.5453E-01
3.5452E-01
3.5448E-01
3.5448E-01
3.5445E-01
3.5450E-01
3.5452E-01
3.5456E-01
3.5466E-01
3.5480E-01
3.5491E-01
3.5510E-01
3.5526E-01
3.5546E-01
3.5570E-01
3.5600E-01
3.5622E-01
3.5652E-01
3.5682E-01
3.5714E-01
3.5742E-01
3.5776E-01
3.5806E-01
3.5836E-01
3.5867E-01
3.5899E-01
3.5926E-01
3.5957E-01
3.5981E-01
3.6008E-01
3.6032E-01
3.6059E-01
3.6076E-01
3.6097E-01
3.6114E-01
3.6133E-01
3.6146E-01
3.6160E-01
3.6169E-01
3.6179E-01
3.6188E-01
3.6198E-01
3.6202E-01
3.6210E-01
3.6214E-01
3.6217E-01
3.6220E-01
3.6228E-01
3.6226E-01
3.6229E-01
3.6231E-01
3.6236E-01
3.6236E-01
3.6240E-01
3.6240E-01
3.6242E-01
3.6245E-01
3.6251E-01
3.6251E-01
3.6256E-01
3.6258E-01
3.6261E-01
3.6264E-01
3.6274E-01
3.6274E-01
3.6278E-01
3.6283E-01
3.6289E-01
3.6291E-01
3.6297E-01
3.6299E-01
3.6300E-01
3.6305E-01
3.6310E-01
3.6308E-01
3.6313E-01
3.6312E-01
3.6313E-01
3.6312E-01
3.6316E-01
3.6310E-01
3.6310E-01
3.6307E-01
3.6305E-01
3.6299E-01
3.6297E-01
3.6289E-01
3.6285E-01
3.6280E-01
3.6278E-01
3.6270E-01
3.6269E-01
3.6264E-01
3.6263E-01
3.6261E-01
3.6266E-01
3.6263E-01
3.6266E-01
3.6269E-01
3.6275E-01
3.6278E-01
3.6286E-01
3.6291E-01
3.6297E-01
3.6307E-01
3.6319E-01
3.6326E-01
3.6338E-01
3.6346E-01
3.6357E-01
3.6365E-01
3.6379E-01
3.6384E-01
3.6392E-01
3.6398E-01
3.6405E-01
3.6406E-01
3.6410E-01
3.6406E-01
3.6403E-01
3.6402E-01
3.6398E-01
3.6391E-01
3.6386E-01
3.6376E-01
3.6368E-01
3.6359E-01
3.6356E-01
3.6343E-01
3.6337E-01
3.6329E-01
3.6326E-01
3.6318E-01
3.6315E-01
3.6310E-01
3.6307E-01
3.6308E-01
3.6313E-01
3.6315E-01
3.6323E-01
3.6326E-01
3.6335E-01
3.6343E-01
3.6357E-01
3.6364E-01
3.6376E-01
3.6387E-01
3.6402E-01
3.6408E-01
3.6421E-01
3.6425E-01
3.6432E-01
3.6438E-01
3.6443E-01
3.6443E-01
3.6444E-01
3.6440E-01
3.6436E-01
3.6430E-01
3.6427E-01
3.6413E-01
3.6403E-01
3.6392E-01
3.6381E-01
3.6365E-01
3.6354E-01
3.6337E-01
3.6323E-01
3.6312E-01
3.6300E-01
3.6288E-01
3.6281E-01
3.6272E-01
3.6266E-01
3.6263E-01
3.6267E-01
3.6264E-01
3.6270E-01
3.6277E-01
3.6289E-01
3.6299E-01
3.6316E-01
3.6330E-01
3.6348E-01
3.6370E-01
3.6395E-01
3.6417E-01
3.6446E-01
3.6470E-01
3.6498E-01
3.6525E-01
3.6558E-01
3.6582E-01
3.6612E-01
3.6639E-01
3.6669E-01
3.6692E-01
3.6721E-01
3.6743E-01
3.6764E-01
3.6787E-01
3.6809E-01
3.6827E-01
3.6847E-01
3.6862E-01
3.6876E-01
3.6889E-01
3.6906E-01
3.6912E-01
3.6923E-01
3.6933E-01
3.6944E-01
3.6947E-01
3.6956E-01
3.6958E-01
3.6961E-01
3.6966E-01
3.6972E-01
3.6972E-01
3.6975E-01
3.6974E-01
3.6975E-01
3.6974E-01
3.6977E-01
3.6971E-01
3.6969E-01
3.6964E-01
3.6961E-01
3.6953E-01
3.6947E-01
3.6934E-01
3.6923E-01
3.6911E-01
3.6900E-01
3.6881E-01
3.6866E-01
3.6844E-01
3.6824E-01
3.6802E-01
3.6784E-01
3.6756E-01
3.6732E-01
3.6707E-01
3.6683E-01
3.6655E-01
3.6631E-01
3.6602E-01
3.6577E-01
3.6555E-01
3.6534E-01
3.6512E-01
3.6498E-01
3.6481E-01
3.6468E-01
3.6459E-01
3.6457E-01
3.6449E-01
3.6451E-01
3.6454E-01
3.6463E-01
3.6471E-01
3.6487E-01
3.6500E-01
3.6517E-01
3.6539E-01
3.6564E-01
3.6587E-01
3.6615E-01
3.6639E-01
3.6667E-01
3.6692E-01
3.6724E-01
3.6746E-01
3.6773E-01
3.6797E-01
3.6821E-01
3.6838E-01
3.6858E-01
3.6871E-01
3.6884E-01
3.6895E-01
3.6906E-01
3.6909E-01
3.6915E-01
3.6915E-01
3.6917E-01
3.6914E-01
3.6917E-01
3.6909E-01
3.6906E-01
3.6901E-01
3.6900E-01
3.6892E-01
3.6889E-01
3.6881E-01
3.6876E-01
3.6873E-01
3.6873E-01
3.6868E-01
3.6868E-01
3.6865E-01
3.6865E-01
3.6865E-01
3.6870E-01
3.6866E-01
3.6870E-01
3.6870E-01
3.6873E-01
3.6871E-01
3.6873E-01
3.6870E-01
3.6866E-01
3.6865E-01
3.6863E-01
3.6857E-01
3.6855E-01
3.6847E-01
3.6841E-01
3.6835E-01
3.6833E-01
3.6822E-01
3.6817E-01
3.6811E-01
3.6808E-01
3.6802E-01
3.6800E-01
3.6795E-01
3.6792E-01
3.6794E-01
3.6797E-01
3.6798E-01
3.6806E-01
3.6809E-01
3.6819E-01
3.6828E-01
3.6844E-01
3.6852E-01
3.6868E-01
3.6882E-01
3.6900E-01
3.6914E-01
3.6933E-01
3.6947E-01
3.6961E-01
3.6979E-01
3.6994E-01
3.7007E-01
3.7021E-01
3.7031E-01
3.7040E-01
3.7048E-01
3.7059E-01
3.7059E-01
3.7064E-01
3.7067E-01
3.7069E-01
3.7067E-01
3.7067E-01
3.7061E-01
3.7056E-01
3.7051E-01
3.7048E-01
3.7040E-01
3.7036E-01
3.7026E-01
3.7020E-01
3.7012E-01
3.7010E-01
3.7001E-01
3.6996E-01
3.6991E-01
3.6988E-01
3.6982E-01
3.6980E-01
3.6974E-01
3.6971E-01
3.6969E-01
3.6971E-01
3.6968E-01
3.6969E-01
3.6966E-01
3.6966E-01
3.6966E-01
3.6971E-01
3.6968E-01
3.6969E-01
3.6971E-01
3.6974E-01
3.6972E-01
3.6975E-01
3.6974E-01
3.6974E-01
3.6977E-01
3.6982E-01
3.6982E-01
3.6987E-01
3.6987E-01
3.6990E-01
3.6991E-01
3.7001E-01
3.6999E-01
3.7005E-01
3.7010E-01
3.7017E-01
3.7020E-01
3.7028E-01
3.7031E-01
3.7036E-01
3.7042E-01
3.7050E-01
3.7053E-01
3.7061E-01
3.7064E-01
3.7070E-01
3.7073E-01
3.7083E-01
3.7083E-01
3.7088E-01
3.7092E-01
3.7099E-01
3.7099E-01
3.7103E-01
3.7103E-01
3.7105E-01
3.7108E-01
3.7113E-01
3.7113E-01
3.7116E-01
3.7116E-01
3.7118E-01
3.7119E-01
3.7126E-01
3.7124E-01
3.7127E-01
3.7130E-01
3.7135E-01
3.7135E-01
3.7141E-01
3.7141E-01
3.7145E-01
3.7149E-01
3.7156E-01
3.7157E-01
3.7164E-01
3.7165E-01
3.7168E-01
3.7171E-01
3.7179E-01
3.7178E-01
3.7183E-01
3.7184E-01
3.7189E-01
3.7187E-01
3.7190E-01
3.7189E-01
3.7187E-01
3.7187E-01
3.7189E-01
3.7184E-01
3.7184E-01
3.7179E-01
3.7176E-01
3.7171E-01
3.7171E-01
3.7164E-01
3.7160E-01
3.7156E-01
3.7153E-01
3.7145E-01
3.7141E-01
3.7135E-01
3.7129E-01
3.7124E-01
3.7122E-01
3.7115E-01
3.7111E-01
3.7105E-01
3.7100E-01
3.7094E-01
3.7094E-01
3.7085E-01
3.7081E-01
3.7077E-01
3.7073E-01
3.7064E-01
3.7061E-01
3.7051E-01
3.7043E-01
3.7036E-01
3.7029E-01
3.7018E-01
3.7010E-01
3.6998E-01
3.6988E-01
3.6975E-01
3.6968E-01
3.6952E-01
3.6941E-01
3.6928E-01
3.6919E-01
3.6904E-01
3.6895E-01
3.6882E-01
3.6871E-01
3.6863E-01
3.6857E-01
3.6847E-01
3.6844E-01
3.6838E-01
3.6835E-01
3.6833E-01
3.6838E-01
3.6836E-01
3.6841E-01
3.6847E-01
3.6858E-01
3.6865E-01
3.6877E-01
3.6889E-01
3.6900E-01
3.6915E-01
3.6934E-01
3.6949E-01
3.6968E-01
3.6983E-01
3.7001E-01
3.7017E-01
3.7039E-01
3.7051E-01
3.7069E-01
3.7085E-01
3.7102E-01
3.7115E-01
3.7130E-01
3.7140E-01
3.7149E-01
3.7162E-01
3.7173E-01
3.7179E-01
3.7189E-01
3.7192E-01
3.7198E-01
3.7202E-01
3.7209E-01
3.7208E-01
3.7211E-01
3.7214E-01
3.7217E-01
3.7216E-01
3.7219E-01
3.7217E-01
3.7216E-01
3.7217E-01
3.7219E-01
3.7216E-01
3.7217E-01
3.7214E-01
3.7213E-01
3.7209E-01
3.7211E-01
3.7205E-01
3.7203E-01
3.7200E-01
3.7198E-01
3.7192E-01
3.7190E-01
3.7184E-01
3.7179E-01
3.7176E-01
3.7173E-01
3.7167E-01
3.7165E-01
3.7159E-01
3.7154E-01
3.7149E-01
3.7153E-01
3.7145E-01
3.7145E-01
3.7143E-01
3.7145E-01
3.7143E-01
3.7146E-01
3.7145E-01
3.7146E-01
3.7151E-01
3.7156E-01
3.7157E-01
3.7165E-01
3.7167E-01
3.7171E-01
3.7175E-01
3.7184E-01
3.7184E-01
3.7190E-01
3.7194E-01
3.7200E-01
3.7202E-01
3.7206E-01
3.7206E-01
3.7206E-01
3.7209E-01
3.7213E-01
3.7209E-01
3.7211E-01
3.7208E-01
3.7206E-01
3.7205E-01
3.7206E-01
3.7200E-01
3.7198E-01
3.7195E-01
3.7195E-01
3.7189E-01
3.7189E-01
3.7183E-01
3.7179E-01
3.7178E-01
3.7178E-01
3.7171E-01
3.7171E-01
3.7167E-01
3.7165E-01
3.7160E-01
3.7164E-01
3.7156E-01
3.7154E-01
3.7151E-01
3.7151E-01
3.7145E-01
3.7145E-01
3.7138E-01
3.7134E-01
3.7130E-01
3.7129E-01
3.7122E-01
3.7121E-01
3.7115E-01
3.7111E-01
3.7108E-01
3.7110E-01
3.7102E-01
3.7102E-01
3.7100E-01
3.7102E-01
3.7099E-01
3.7100E-01
3.7097E-01
3.7097E-01
3.7099E-01
3.7102E-01
3.7102E-01
3.7107E-01
3.7107E-01
3.7108E-01
3.7110E-01
3.7116E-01
3.7115E-01
3.7118E-01
3.7119E-01
3.7122E-01
3.7121E-01
3.7124E-01
3.7122E-01
3.7121E-01
3.7122E-01
3.7124E-01
3.7121E-01
3.7122E-01
3.7119E-01
3.7118E-01
3.7116E-01
3.7121E-01
3.7116E-01
3.7118E-01
3.7119E-01
3.7122E-01
3.7122E-01
3.7127E-01
3.7127E-01
3.7130E-01
3.7135E-01
3.7141E-01
3.7143E-01
3.7149E-01
3.7153E-01
3.7156E-01
3.7159E-01
3.7167E-01
3.7165E-01
3.7168E-01
3.7168E-01
3.7171E-01
3.7167E-01
3.7167E-01
3.7160E-01
3.7154E-01
3.7149E-01
3.7145E-01
3.7132E-01
3.7126E-01
3.7113E-01
3.7100E-01
3.7088E-01
3.7081E-01
3.7064E-01
3.7053E-01
3.7042E-01
3.7034E-01
3.7021E-01
3.7015E-01
3.7004E-01
3.6998E-01
3.6993E-01
3.6993E-01
3.6990E-01
3.6991E-01
3.6991E-01
3.6994E-01
3.6999E-01
3.7010E-01
3.7013E-01
3.7023E-01
3.7032E-01
3.7045E-01
3.7054E-01
3.7067E-01
3.7077E-01
3.7088E-01
3.7100E-01
3.7113E-01
3.7121E-01
3.7134E-01
3.7140E-01
3.7148E-01
3.7154E-01
3.7167E-01
3.7168E-01
3.7175E-01
3.7179E-01
3.7186E-01
3.7187E-01
3.7194E-01
3.7195E-01
3.7198E-01
3.7203E-01
3.7209E-01
3.7213E-01
3.7219E-01
3.7222E-01
3.7228E-01
3.7235E-01
3.7246E-01
3.7249E-01
3.7258E-01
3.7268E-01
3.7279E-01
3.7287E-01
3.7298E-01
3.7306E-01
3.7314E-01
3.7325E-01
3.7336E-01
3.7342E-01
3.7352E-01
3.7356E-01
3.7363E-01
3.7366E-01
3.7375E-01
3.7372E-01
3.7375E-01
3.7375E-01
3.7377E-01
3.7374E-01
3.7372E-01
3.7366E-01
3.7361E-01
3.7356E-01
3.7353E-01
3.7344E-01
3.7339E-01
3.7331E-01
3.7323E-01
3.7317E-01
3.7315E-01
3.7304E-01
3.7301E-01
3.7296E-01
3.7295E-01
3.7290E-01
3.7290E-01
3.7287E-01
3.7285E-01
3.7287E-01
3.7292E-01
3.7292E-01
3.7296E-01
3.7298E-01
3.7303E-01
3.7306E-01
3.7317E-01
3.7317E-01
3.7323E-01
3.7328E-01
3.7334E-01
3.7337E-01
3.7342E-01
3.7342E-01
3.7342E-01
3.7344E-01
3.7347E-01
3.7342E-01
3.7341E-01
3.7334E-01
3.7330E-01
3.7322E-01
3.7318E-01
3.7304E-01
3.7295E-01
3.7284E-01
3.7274E-01
3.7260E-01
3.7249E-01
3.7235E-01
3.7219E-01
3.7208E-01
3.7197E-01
3.7183E-01
3.7173E-01
3.7160E-01
3.7149E-01
3.7140E-01
3.7138E-01
3.7127E-01
3.7124E-01
3.7121E-01
3.7121E-01
3.7118E-01
3.7121E-01
3.7119E-01
3.7122E-01
3.7127E-01
3.7134E-01
3.7137E-01
3.7145E-01
3.7148E-01
3.7153E-01
3.7157E-01
3.7167E-01
3.7167E-01
3.7171E-01
3.7175E-01
3.7178E-01
3.7176E-01
3.7176E-01
3.7171E-01
3.7167E-01
3.7162E-01
3.7157E-01
3.7146E-01
3.7138E-01
3.7126E-01
3.7115E-01
3.7100E-01
3.7092E-01
3.7073E-01
3.7061E-01
3.7048E-01
3.7037E-01
3.7021E-01
3.7010E-01
3.6996E-01
3.6985E-01
3.6977E-01
3.6971E-01
3.6961E-01
3.6958E-01
3.6953E-01
3.6952E-01
3.6950E-01
3.6956E-01
3.6956E-01
3.6963E-01
3.6971E-01
3.6982E-01
3.6990E-01
3.7004E-01
3.7017E-01
3.7029E-01
3.7047E-01
3.7066E-01
3.7081E-01
3.7103E-01
3.7119E-01
3.7138E-01
3.7157E-01
3.7183E-01
3.7197E-01
3.7217E-01
3.7236E-01
3.7257E-01
3.7273E-01
3.7292E-01
3.7304E-01
3.7318E-01
3.7333E-01
3.7347E-01
3.7356E-01
3.7367E-01
3.7374E-01
3.7380E-01
3.7383E-01
3.7391E-01
3.7388E-01
3.7390E-01
3.7390E-01
3.7390E-01
3.7385E-01
3.7383E-01
3.7375E-01
3.7369E-01
3.7364E-01
3.7361E-01
3.7352E-01
3.7349E-01
3.7341E-01
3.7334E-01
3.7328E-01
3.7328E-01
3.7320E-01
3.7318E-01
3.7315E-01
3.7317E-01
3.7315E-01
3.7318E-01
3.7318E-01
3.7320E-01
3.7323E-01
3.7331E-01
3.7333E-01
3.7341E-01
3.7344E-01
3.7349E-01
3.7353E-01
3.7364E-01
3.7364E-01
3.7371E-01
3.7375E-01
3.7380E-01
3.7382E-01
3.7385E-01
3.7385E-01
3.7383E-01
3.7385E-01
3.7385E-01
3.7380E-01
3.7380E-01
3.7375E-01
3.7371E-01
3.7366E-01
3.7366E-01
3.7356E-01
3.7353E-01
3.7349E-01
3.7347E-01
3.7341E-01
3.7339E-01
3.7334E-01
3.7331E-01
3.7331E-01
3.7333E-01
3.7330E-01
3.7333E-01
3.7331E-01
3.7333E-01
3.7334E-01
3.7341E-01
3.7339E-01
3.7344E-01
3.7347E-01
3.7353E-01
3.7355E-01
3.7360E-01
3.7360E-01
3.7361E-01
3.7366E-01
3.7369E-01
3.7369E-01
3.7372E-01
3.7369E-01
3.7369E-01
3.7367E-01
3.7372E-01
3.7366E-01
3.7366E-01
3.7363E-01
3.7363E-01
3.7358E-01
3.7356E-01
3.7350E-01
3.7345E-01
3.7342E-01
3.7339E-01
3.7333E-01
3.7331E-01
3.7323E-01
3.7318E-01
3.7312E-01
3.7311E-01
3.7301E-01
3.7296E-01
3.7290E-01
3.7287E-01
3.7277E-01
3.7273E-01
3.7263E-01
3.7254E-01
3.7249E-01
3.7243E-01
3.7233E-01
3.7230E-01
3.7220E-01
3.7214E-01
3.7206E-01
3.7206E-01
3.7197E-01
3.7194E-01
3.7190E-01
3.7190E-01
3.7187E-01
3.7189E-01
3.7187E-01
3.7187E-01
3.7190E-01
3.7197E-01
3.7198E-01
3.7206E-01
3.7209E-01
3.7214E-01
3.7220E-01
3.7232E-01
3.7235E-01
3.7243E-01
3.7251E-01
3.7260E-01
3.7265E-01
3.7273E-01
3.7277E-01
3.7282E-01
3.7288E-01
3.7295E-01
3.7296E-01
3.7301E-01
3.7301E-01
3.7303E-01
3.7303E-01
3.7307E-01
3.7303E-01
3.7303E-01
3.7301E-01
3.7303E-01
3.7298E-01
3.7300E-01
3.7295E-01
3.7292E-01
3.7292E-01
3.7292E-01
3.7287E-01
3.7288E-01
3.7285E-01
3.7284E-01
3.7281E-01
3.7285E-01
3.7281E-01
3.7281E-01
3.7281E-01
3.7284E-01
3.7281E-01
3.7284E-01
3.7282E-01
3.7282E-01
3.7284E-01
3.7288E-01
3.7287E-01
3.7292E-01
3.7292E-01
3.7293E-01
3.7295E-01
3.7303E-01
3.7301E-01
3.7304E-01
3.7309E-01
3.7315E-01
3.7318E-01
3.7325E-01
3.7328E-01
3.7333E-01
3.7341E-01
3.7350E-01
3.7355E-01
3.7364E-01
3.7369E-01
3.7375E-01
3.7382E-01
3.7394E-01
3.7396E-01
3.7405E-01
3.7412E-01
3.7421E-01
3.7424E-01
3.7434E-01
3.7437E-01
3.7442E-01
3.7448E-01
3.7454E-01
3.7458E-01
3.7462E-01
3.7464E-01
3.7467E-01
3.7469E-01
3.7477E-01
3.7473E-01
3.7477E-01
3.7478E-01
3.7483E-01
3.7481E-01
3.7483E-01
3.7481E-01
3.7480E-01
3.7480E-01
3.7480E-01
3.7477E-01
3.7475E-01
3.7470E-01
3.7465E-01
3.7461E-01
3.7459E-01
3.7448E-01
3.7443E-01
3.7435E-01
3.7429E-01
3.7418E-01
3.7410E-01
3.7398E-01
3.7386E-01
3.7377E-01
3.7367E-01
3.7353E-01
3.7345E-01
3.7333E-01
3.7322E-01
3.7311E-01
3.7307E-01
3.7295E-01
3.7288E-01
3.7282E-01
3.7279E-01
3.7273E-01
3.7273E-01
3.7269E-01
3.7268E-01
3.7269E-01
3.7274E-01
3.7274E-01
3.7281E-01
3.7282E-01
3.7287E-01
3.7290E-01
3.7301E-01
3.7301E-01
3.7307E-01
3.7312E-01
3.7318E-01
3.7320E-01
3.7325E-01
3.7325E-01
3.7325E-01
3.7326E-01
3.7328E-01
3.7323E-01
3.7323E-01
3.7318E-01
3.7314E-01
3.7309E-01
3.7307E-01
3.7298E-01
3.7293E-01
3.7287E-01
3.7282E-01
3.7273E-01
3.7269E-01
3.7260E-01
3.7254E-01
3.7249E-01
3.7246E-01
3.7238E-01
3.7235E-01
3.7227E-01
3.7222E-01
3.7217E-01
3.7217E-01
3.7209E-01
3.7206E-01
3.7202E-01
3.7200E-01
3.7192E-01
3.7190E-01
3.7183E-01
3.7176E-01
3.7173E-01
3.7170E-01
3.7164E-01
3.7160E-01
3.7153E-01
3.7148E-01
3.7143E-01
3.7145E-01
3.7137E-01
3.7135E-01
3.7134E-01
3.7137E-01
3.7135E-01
3.7140E-01
3.7141E-01
3.7145E-01
3.7153E-01
3.7162E-01
3.7168E-01
3.7183E-01
3.7192E-01
3.7205E-01
3.7217E-01
3.7236E-01
3.7247E-01
3.7265E-01
3.7282E-01
3.7301E-01
3.7317E-01
3.7337E-01
3.7352E-01
3.7367E-01
3.7385E-01
3.7404E-01
3.7416E-01
3.7432E-01
3.7443E-01
3.7456E-01
3.7467E-01
3.7481E-01
3.7486E-01
3.7496E-01
3.7502E-01
3.7510E-01
3.7513E-01
3.7519E-01
3.7521E-01
3.7521E-01
3.7522E-01
3.7526E-01
3.7521E-01
3.7521E-01
3.7516E-01
3.7511E-01
3.7505E-01
3.7503E-01
3.7491E-01
3.7484E-01
3.7475E-01
3.7467E-01
3.7454E-01
3.7445E-01
3.7431E-01
3.7416E-01
3.7405E-01
3.7394E-01
3.7379E-01
3.7366E-01
3.7350E-01
3.7337E-01
3.7323E-01
3.7315E-01
3.7298E-01
3.7288E-01
3.7279E-01
3.7273E-01
3.7263E-01
3.7260E-01
3.7254E-01
3.7249E-01
3.7249E-01
3.7252E-01
3.7252E-01
3.7258E-01
3.7260E-01
3.7266E-01
3.7273E-01
3.7287E-01
3.7292E-01
3.7303E-01
3.7312E-01
3.7325E-01
3.7334E-01
3.7347E-01
3.7356E-01
3.7364E-01
3.7375E-01
3.7386E-01
3.7391E-01
3.7401E-01
3.7405E-01
3.7410E-01
3.7413E-01
3.7420E-01
3.7418E-01
3.7420E-01
3.7418E-01
3.7420E-01
3.7415E-01
3.7413E-01
3.7407E-01
3.7401E-01
3.7398E-01
3.7394E-01
3.7385E-01
3.7380E-01
3.7371E-01
3.7364E-01
3.7355E-01
3.7352E-01
3.7341E-01
3.7333E-01
3.7325E-01
3.7320E-01
3.7311E-01
3.7304E-01
3.7295E-01
3.7287E-01
3.7281E-01
3.7276E-01
3.7268E-01
3.7265E-01
3.7257E-01
3.7251E-01
3.7246E-01
3.7246E-01
3.7238E-01
3.7236E-01
3.7233E-01
3.7235E-01
3.7230E-01
3.7232E-01
3.7230E-01
3.7230E-01
3.7233E-01
3.7236E-01
3.7236E-01
3.7243E-01
3.7243E-01
3.7246E-01
3.7249E-01
3.7257E-01
3.7255E-01
3.7260E-01
3.7263E-01
3.7269E-01
3.7269E-01
3.7273E-01
3.7273E-01
3.7271E-01
3.7273E-01
3.7274E-01
3.7269E-01
3.7269E-01
3.7263E-01
3.7260E-01
3.7254E-01
3.7252E-01
3.7241E-01
3.7235E-01
3.7228E-01
3.7222E-01
3.7211E-01
3.7205E-01
3.7194E-01
3.7184E-01
3.7176E-01
3.7168E-01
3.7157E-01
3.7151E-01
3.7141E-01
3.7134E-01
3.7126E-01
3.7122E-01
3.7113E-01
3.7108E-01
3.7105E-01
3.7105E-01
3.7100E-01
3.7102E-01
3.7100E-01
3.7102E-01
3.7107E-01
3.7113E-01
3.7116E-01
3.7126E-01
3.7132E-01
3.7141E-01
3.7151E-01
3.7168E-01
3.7176E-01
3.7190E-01
3.7206E-01
3.7224E-01
3.7236E-01
3.7255E-01
3.7269E-01
3.7284E-01
3.7301E-01
3.7318E-01
3.7331E-01
3.7347E-01
3.7356E-01
3.7367E-01
3.7377E-01
3.7390E-01
3.7391E-01
3.7398E-01
3.7402E-01
3.7405E-01
3.7404E-01
3.7405E-01
3.7399E-01
3.7394E-01
3.7390E-01
3.7386E-01
3.7375E-01
3.7371E-01
3.7360E-01
3.7352E-01
3.7342E-01
3.7337E-01
3.7325E-01
3.7318E-01
3.7312E-01
3.7309E-01
3.7301E-01
3.7300E-01
3.7293E-01
3.7290E-01
3.7290E-01
3.7292E-01
3.7288E-01
3.7292E-01
3.7290E-01
3.7292E-01
3.7292E-01
3.7296E-01
3.7293E-01
3.7293E-01
3.7293E-01
3.7295E-01
3.7290E-01
3.7290E-01
3.7284E-01
3.7277E-01
3.7274E-01
3.7269E-01
3.7260E-01
3.7255E-01
3.7244E-01
3.7236E-01
3.7227E-01
3.7224E-01
3.7211E-01
3.7205E-01
3.7200E-01
3.7197E-01
3.7190E-01
3.7190E-01
3.7186E-01
3.7186E-01
3.7189E-01
3.7195E-01
3.7198E-01
3.7208E-01
3.7214E-01
3.7224E-01
3.7233E-01
3.7249E-01
3.7257E-01
3.7271E-01
3.7284E-01
3.7300E-01
3.7309E-01
3.7325E-01
3.7334E-01
3.7344E-01
3.7355E-01
3.7366E-01
3.7371E-01
3.7379E-01
3.7380E-01
3.7383E-01
3.7383E-01
3.7388E-01
3.7382E-01
3.7380E-01
3.7375E-01
3.7372E-01
3.7363E-01
3.7358E-01
3.7347E-01
3.7337E-01
3.7330E-01
3.7322E-01
3.7311E-01
3.7303E-01
3.7290E-01
3.7281E-01
3.7269E-01
3.7265E-01
3.7252E-01
3.7244E-01
3.7236E-01
3.7230E-01
3.7220E-01
3.7216E-01
3.7208E-01
3.7200E-01
3.7197E-01
3.7195E-01
3.7189E-01
3.7187E-01
3.7184E-01
3.7183E-01
3.7179E-01
3.7184E-01
3.7181E-01
3.7184E-01
3.7187E-01
3.7195E-01
3.7198E-01
3.7206E-01
3.7213E-01
3.7219E-01
3.7230E-01
3.7244E-01
3.7254E-01
3.7268E-01
3.7279E-01
3.7293E-01
3.7306E-01
3.7325E-01
3.7336E-01
3.7350E-01
3.7364E-01
3.7382E-01
3.7391E-01
3.7407E-01
3.7415E-01
3.7424E-01
3.7434E-01
3.7443E-01
3.7447E-01
3.7453E-01
3.7453E-01
3.7453E-01
3.7451E-01
3.7453E-01
3.7445E-01
3.7440E-01
3.7432E-01
3.7426E-01
3.7415E-01
3.7405E-01
3.7391E-01
3.7379E-01
3.7366E-01
3.7355E-01
3.7337E-01
3.7326E-01
3.7309E-01
3.7295E-01
3.7279E-01
3.7269E-01
3.7252E-01
3.7239E-01
3.7227E-01
3.7216E-01
3.7202E-01
3.7192E-01
3.7178E-01
3.7167E-01
3.7157E-01
3.7149E-01
3.7138E-01
3.7134E-01
3.7122E-01
3.7116E-01
3.7110E-01
3.7110E-01
3.7100E-01
3.7099E-01
3.7097E-01
3.7099E-01
3.7097E-01
3.7100E-01
3.7102E-01
3.7103E-01
3.7111E-01
3.7119E-01
3.7126E-01
3.7137E-01
3.7145E-01
3.7156E-01
3.7167E-01
3.7184E-01
3.7194E-01
3.7209E-01
3.7224E-01
3.7241E-01
3.7254E-01
3.7271E-01
3.7282E-01
3.7295E-01
3.7309E-01
3.7323E-01
3.7333E-01
3.7344E-01
3.7350E-01
3.7356E-01
3.7360E-01
3.7367E-01
3.7364E-01
3.7364E-01
3.7361E-01
3.7360E-01
3.7350E-01
3.7344E-01
3.7331E-01
3.7318E-01
3.7306E-01
3.7293E-01
3.7276E-01
3.7262E-01
3.7241E-01
3.7224E-01
3.7205E-01
3.7190E-01
3.7168E-01
3.7151E-01
3.7134E-01
3.7119E-01
3.7102E-01
3.7089E-01
3.7073E-01
3.7061E-01
3.7053E-01
3.7047E-01
3.7037E-01
3.7034E-01
3.7029E-01
3.7028E-01
3.7028E-01
3.7034E-01
3.7034E-01
3.7040E-01
3.7048E-01
3.7061E-01
3.7069E-01
3.7083E-01
3.7094E-01
3.7107E-01
3.7122E-01
3.7141E-01
3.7156E-01
3.7176E-01
3.7192E-01
3.7209E-01
3.7227E-01
3.7249E-01
3.7263E-01
3.7282E-01
3.7300E-01
3.7320E-01
3.7334E-01
3.7355E-01
3.7367E-01
3.7383E-01
3.7399E-01
3.7415E-01
3.7428E-01
3.7442E-01
3.7451E-01
3.7462E-01
3.7470E-01
3.7484E-01
3.7488E-01
3.7496E-01
3.7502E-01
3.7508E-01
3.7510E-01
3.7515E-01
3.7515E-01
3.7513E-01
3.7513E-01
3.7513E-01
3.7507E-01
3.7505E-01
3.7497E-01
3.7491E-01
3.7481E-01
3.7477E-01
3.7462E-01
3.7453E-01
3.7443E-01
3.7434E-01
3.7420E-01
3.7410E-01
3.7396E-01
3.7383E-01
3.7372E-01
3.7364E-01
3.7350E-01
3.7344E-01
3.7333E-01
3.7325E-01
3.7317E-01
3.7315E-01
3.7306E-01
3.7303E-01
3.7301E-01
3.7301E-01
3.7300E-01
3.7301E-01
3.7301E-01
3.7303E-01
3.7306E-01
3.7312E-01
3.7314E-01
3.7322E-01
3.7323E-01
3.7328E-01
3.7331E-01
3.7341E-01
3.7341E-01
3.7345E-01
3.7349E-01
3.7353E-01
3.7353E-01
3.7356E-01
3.7355E-01
3.7355E-01
3.7356E-01
3.7358E-01
3.7356E-01
3.7358E-01
3.7355E-01
3.7355E-01
3.7353E-01
3.7358E-01
3.7353E-01
3.7356E-01
3.7358E-01
3.7361E-01
3.7363E-01
3.7367E-01
3.7369E-01
3.7372E-01
3.7377E-01
3.7383E-01
3.7386E-01
3.7393E-01
3.7396E-01
3.7401E-01
3.7402E-01
3.7410E-01
3.7409E-01
3.7410E-01
3.7410E-01
3.7412E-01
3.7407E-01
3.7405E-01
3.7398E-01
3.7391E-01
3.7385E-01
3.7379E-01
3.7366E-01
3.7356E-01
3.7342E-01
3.7330E-01
3.7315E-01
3.7306E-01
3.7288E-01
3.7276E-01
3.7262E-01
3.7251E-01
3.7236E-01
3.7227E-01
3.7213E-01
3.7202E-01
3.7194E-01
3.7189E-01
3.7181E-01
3.7178E-01
3.7173E-01
3.7170E-01
3.7168E-01
3.7173E-01
3.7168E-01
3.7171E-01
3.7175E-01
3.7181E-01
3.7183E-01
3.7190E-01
3.7192E-01
3.7197E-01
3.7203E-01
3.7209E-01
3.7213E-01
3.7219E-01
3.7220E-01
3.7225E-01
3.7227E-01
3.7235E-01
3.7232E-01
3.7235E-01
3.7235E-01
3.7238E-01
3.7236E-01
3.7238E-01
3.7235E-01
3.7233E-01
3.7233E-01
3.7233E-01
3.7228E-01
3.7230E-01
3.7225E-01
3.7222E-01
3.7219E-01
3.7220E-01
3.7214E-01
3.7213E-01
3.7209E-01
3.7209E-01
3.7205E-01
3.7206E-01
3.7202E-01
3.7200E-01
3.7200E-01
3.7202E-01
3.7198E-01
3.7202E-01
3.7200E-01
3.7200E-01
3.7202E-01
3.7208E-01
3.7206E-01
3.7211E-01
3.7214E-01
3.7220E-01
3.7224E-01
3.7232E-01
3.7235E-01
3.7239E-01
3.7247E-01
3.7255E-01
3.7260E-01
3.7268E-01
3.7271E-01
3.7277E-01
3.7281E-01
3.7290E-01
3.7288E-01
3.7293E-01
3.7295E-01
3.7298E-01
3.7295E-01
3.7296E-01
3.7292E-01
3.7287E-01
3.7284E-01
3.7281E-01
3.7273E-01
3.7268E-01
3.7257E-01
3.7249E-01
3.7239E-01
3.7235E-01
3.7220E-01
3.7213E-01
3.7203E-01
3.7197E-01
3.7187E-01
3.7181E-01
3.7171E-01
3.7164E-01
3.7159E-01
3.7157E-01
3.7151E-01
3.7149E-01
3.7143E-01
3.7141E-01
3.7138E-01
3.7141E-01
3.7137E-01
3.7137E-01
3.7137E-01
3.7140E-01
3.7137E-01
3.7138E-01
3.7135E-01
3.7134E-01
3.7134E-01
3.7134E-01
3.7130E-01
3.7130E-01
3.7124E-01
3.7121E-01
3.7116E-01
3.7118E-01
3.7110E-01
3.7107E-01
3.7103E-01
3.7103E-01
3.7097E-01
3.7097E-01
3.7094E-01
3.7092E-01
3.7092E-01
3.7096E-01
3.7096E-01
3.7100E-01
3.7102E-01
3.7107E-01
3.7111E-01
3.7122E-01
3.7126E-01
3.7137E-01
3.7146E-01
3.7157E-01
3.7167E-01
3.7179E-01
3.7187E-01
3.7198E-01
3.7211E-01
3.7224E-01
3.7232E-01
3.7244E-01
3.7252E-01
3.7260E-01
3.7268E-01
3.7279E-01
3.7281E-01
3.7287E-01
3.7292E-01
3.7296E-01
3.7296E-01
3.7298E-01
3.7296E-01
3.7293E-01
3.7292E-01
3.7290E-01
3.7282E-01
3.7279E-01
3.7271E-01
3.7265E-01
3.7255E-01
3.7252E-01
3.7239E-01
3.7232E-01
3.7224E-01
3.7217E-01
3.7208E-01
3.7203E-01
3.7194E-01
3.7186E-01
3.7181E-01
3.7179E-01
3.7173E-01
3.7173E-01
3.7170E-01
3.7170E-01
3.7170E-01
3.7176E-01
3.7175E-01
3.7181E-01
3.7187E-01
3.7197E-01
3.7203E-01
3.7214E-01
3.7222E-01
3.7232E-01
3.7244E-01
3.7258E-01
3.7268E-01
3.7282E-01
3.7290E-01
3.7301E-01
3.7307E-01
3.7320E-01
3.7323E-01
3.7331E-01
3.7336E-01
3.7344E-01
3.7345E-01
3.7350E-01
3.7350E-01
3.7350E-01
3.7352E-01
3.7355E-01
3.7355E-01
3.7356E-01
3.7349E-01
3.7339E-01
3.7328E-01
3.7320E-01
3.7303E-01
3.7293E-01
3.7284E-01
3.7279E-01
3.7269E-01
3.7268E-01
3.7262E-01
3.7258E-01
3.7262E-01
3.7273E-01
3.7282E-01
3.7293E-01
3.7290E-01
3.7281E-01
3.7265E-01
3.7254E-01
3.7236E-01
3.7227E-01
3.7219E-01
3.7217E-01
3.7214E-01
3.7219E-01
3.7220E-01
3.7227E-01
3.7239E-01
3.7263E-01
3.7287E-01
3.7309E-01
3.7311E-01
3.7298E-01
3.7276E-01
3.7255E-01
3.7230E-01
3.7214E-01
3.7202E-01
3.7198E-01
3.7195E-01
3.7203E-01
3.7208E-01
3.7219E-01
3.7238E-01
3.7271E-01
3.7307E-01
3.7339E-01
3.7347E-01
3.7334E-01
3.7309E-01
3.7284E-01
3.7255E-01
3.7236E-01
3.7222E-01
3.7216E-01
3.7213E-01
3.7222E-01
3.7227E-01
3.7236E-01
3.7254E-01
3.7285E-01
3.7322E-01
3.7350E-01
3.7353E-01
3.7333E-01
3.7303E-01
3.7269E-01
3.7235E-01
3.7209E-01
3.7190E-01
3.7181E-01
3.7176E-01
3.7186E-01
3.7190E-01
3.7202E-01
3.7220E-01
3.7251E-01
3.7285E-01
3.7312E-01
3.7317E-01
3.7298E-01
3.7271E-01
3.7239E-01
3.7203E-01
3.7175E-01
3.7151E-01
3.7134E-01
3.7121E-01
3.7118E-01
3.7103E-01
3.7091E-01
3.7081E-01
3.7073E-01
3.7066E-01
3.7043E-01
3.6996E-01
3.6919E-01
3.6827E-01
3.6721E-01
3.6602E-01
3.6482E-01
3.6356E-01
3.6225E-01
3.6085E-01
3.5945E-01
3.5777E-01
3.5597E-01
3.5401E-01
3.5189E-01
3.4958E-01
3.4696E-01
3.4392E-01
3.4042E-01
3.3657E-01
3.3237E-01
3.2785E-01
3.2307E-01
3.1802E-01
3.1270E-01
3.0714E-01
3.0131E-01
2.9505E-01
2.8842E-01
2.8144E-01
2.7412E-01
2.6647E-01
2.5837E-01
2.4976E-01
2.4062E-01
2.3109E-01
2.2115E-01
2.1087E-01
2.0036E-01
1.8962E-01
1.7873E-01
1.6770E-01
1.5654E-01
1.4509E-01
1.3347E-01
1.2170E-01
1.0981E-01
9.786E-02
8.574E-02
7.341E-02
6.089E-02
4.830E-02
3.564E-02
2.301E-02
1.051E-02
-1.89E-03
-1.403E-02
-2.596E-02
-3.768E-02
-4.931E-02
-6.080E-02
-7.214E-02
-8.330E-02
-9.419E-02
-1.0499E-01
-1.1569E-01
-1.2630E-01
-1.3673E-01
-1.4699E-01
-1.5701E-01
-1.6668E-01
-1.7606E-01
-1.8496E-01
-1.9346E-01
-2.0159E-01
-2.0948E-01
-2.1711E-01
-2.2446E-01
-2.3153E-01
-2.3823E-01
-2.4474E-01
-2.5105E-01
-2.5717E-01
-2.6303E-01
-2.6868E-01
-2.7400E-01
-2.7895E-01
-2.8357E-01
-2.8766E-01
-2.9131E-01
-2.9459E-01
-2.9764E-01
-3.0047E-01
-3.0306E-01
-3.0541E-01
-3.0747E-01
-3.0940E-01
-3.1118E-01
-3.1286E-01
-3.1439E-01
-3.1580E-01
-3.1702E-01
-3.1798E-01
-3.1874E-01
-3.1909E-01
-3.1914E-01
-3.1896E-01
-3.1871E-01
-3.1842E-01
-3.1809E-01
-3.1770E-01
-3.1717E-01
-3.1668E-01
-3.1621E-01
-3.1577E-01
-3.1534E-01
-3.1495E-01
-3.1452E-01
-3.1398E-01
-3.1335E-01
-3.1245E-01
-3.1133E-01
-3.1011E-01
-3.0894E-01
-3.0786E-01
-3.0685E-01
-3.0590E-01
-3.0491E-01
-3.0405E-01
-3.0330E-01
-3.0263E-01
-3.0208E-01
-3.0164E-01
-3.0121E-01
-3.0078E-01
-3.0029E-01
-2.9960E-01
-2.9871E-01
-2.9779E-01
-2.9697E-01
-2.9634E-01
-2.9583E-01
-2.9544E-01
-2.9506E-01
-2.9487E-01
-2.9478E-01
-2.9484E-01
-2.9503E-01
-2.9538E-01
-2.9577E-01
-2.9618E-01
-2.9656E-01
-2.9678E-01
-2.9681E-01
-2.9683E-01
-2.9696E-01
-2.9727E-01
-2.9772E-01
-2.9827E-01
-2.9884E-01
-2.9955E-01
-3.0034E-01
-3.0126E-01
-3.0225E-01
-3.0337E-01
-3.0450E-01
-3.0567E-01
-3.0674E-01
-3.0771E-01
-3.0846E-01
-3.0922E-01
-3.1000E-01
-3.1090E-01
-3.1190E-01
-3.1292E-01
-3.1392E-01
-3.1499E-01
-3.1607E-01
-3.1719E-01
-3.1831E-01
-3.1951E-01
-3.2064E-01
-3.2176E-01
-3.2280E-01
-3.2374E-01
-3.2451E-01
-3.2524E-01
-3.2593E-01
-3.2668E-01
-3.2743E-01
-3.2818E-01
-3.2886E-01
-3.2957E-01
-3.3022E-01
-3.3088E-01
-3.3150E-01
-3.3216E-01
-3.3271E-01
-3.3328E-01
-3.3379E-01
-3.3425E-01
-3.3460E-01
-3.3494E-01
-3.3523E-01
-3.3553E-01
-3.3583E-01
-3.3614E-01
-3.3638E-01
-3.3665E-01
-3.3687E-01
-3.3709E-01
-3.3730E-01
-3.3754E-01
-3.3768E-01
-3.3785E-01
-3.3799E-01
-3.3814E-01
-3.3822E-01
-3.3833E-01
-3.3837E-01
-3.3844E-01
-3.3850E-01
-3.3856E-01
-3.3856E-01
-3.3863E-01
-3.3863E-01
-3.3867E-01
-3.3869E-01
-3.3877E-01
-3.3877E-01
-3.3882E-01
-3.3885E-01
-3.3891E-01
-3.3893E-01
-3.3899E-01
-3.3902E-01
-3.3908E-01
-3.3916E-01
-3.3927E-01
-3.3934E-01
-3.3948E-01
-3.3959E-01
-3.3975E-01
-3.3992E-01
-3.4016E-01
-3.4033E-01
-3.4055E-01
-3.4079E-01
-3.4103E-01
-3.4123E-01
-3.4149E-01
-3.4171E-01
-3.4195E-01
-3.4221E-01
-3.4248E-01
-3.4270E-01
-3.4299E-01
-3.4323E-01
-3.4348E-01
-3.4372E-01
-3.4400E-01
-3.4419E-01
-3.4443E-01
-3.4462E-01
-3.4479E-01
-3.4490E-01
-3.4503E-01
-3.4509E-01
-3.4515E-01
-3.4522E-01
-3.4528E-01
-3.4527E-01
-3.4528E-01
-3.4525E-01
-3.4520E-01
-3.4511E-01
-3.4506E-01
-3.4492E-01
-3.4479E-01
-3.4462E-01
-3.4444E-01
-3.4417E-01
-3.4394E-01
-3.4364E-01
-3.4334E-01
-3.4305E-01
-3.4277E-01
-3.4242E-01
-3.4210E-01
-3.4174E-01
-3.4136E-01
-3.4098E-01
-3.4063E-01
-3.4019E-01
-3.3980E-01
-3.3938E-01
-3.3897E-01
-3.3850E-01
-3.3806E-01
-3.3758E-01
-3.3712E-01
-3.3670E-01
-3.3629E-01
-3.3584E-01
-3.3545E-01
-3.3502E-01
-3.3463E-01
-3.3423E-01
-3.3392E-01
-3.3354E-01
-3.3322E-01
-3.3294E-01
-3.3268E-01
-3.3241E-01
-3.3222E-01
-3.3203E-01
-3.3189E-01
-3.3181E-01
-3.3180E-01
-3.3178E-01
-3.3184E-01
-3.3194E-01
-3.3208E-01
-3.3229E-01
-3.3257E-01
-3.3284E-01
-3.3320E-01
-3.3362E-01
-3.3409E-01
-3.3456E-01
-3.3513E-01
-3.3569E-01
-3.3630E-01
-3.3698E-01
-3.3769E-01
-3.3840E-01
-3.3918E-01
-3.3992E-01
-3.4071E-01
-3.4149E-01
-3.4234E-01
-3.4310E-01
-3.4391E-01
-3.4470E-01
-3.4550E-01
-3.4625E-01
-3.4700E-01
-3.4770E-01
-3.4838E-01
-3.4904E-01
-3.4969E-01
-3.5026E-01
-3.5081E-01
-3.5130E-01
-3.5176E-01
-3.5216E-01
-3.5257E-01
-3.5284E-01
-3.5311E-01
-3.5331E-01
-3.5349E-01
-3.5358E-01
-3.5364E-01
-3.5361E-01
-3.5353E-01
-3.5344E-01
-3.5328E-01
-3.5303E-01
-3.5277E-01
-3.5241E-01
-3.5203E-01
-3.5157E-01
-3.5113E-01
-3.5056E-01
-3.4998E-01
-3.4936E-01
-3.4870E-01
-3.4797E-01
-3.4723E-01
-3.4642E-01
-3.4560E-01
-3.4474E-01
-3.4389E-01
-3.4297E-01
-3.4209E-01
-3.4116E-01
-3.4022E-01
-3.3929E-01
-3.3842E-01
-3.3747E-01
-3.3659E-01
-3.3572E-01
-3.3491E-01
-3.3407E-01
-3.3333E-01
-3.3257E-01
-3.3186E-01
-3.3123E-01
-3.3066E-01
-3.3009E-01
-3.2962E-01
-3.2917E-01
-3.2879E-01
-3.2848E-01
-3.2826E-01
-3.2802E-01
-3.2789E-01
-3.2780E-01
-3.2778E-01
-3.2778E-01
-3.2786E-01
-3.2796E-01
-3.2808E-01
-3.2827E-01
-3.2851E-01
-3.2873E-01
-3.2902E-01
-3.2928E-01
-3.2960E-01
-3.2992E-01
-3.3030E-01
-3.3060E-01
-3.3096E-01
-3.3131E-01
-3.3169E-01
-3.3200E-01
-3.3235E-01
-3.3267E-01
-3.3297E-01
-3.3330E-01
-3.3362E-01
-3.3387E-01
-3.3417E-01
-3.3441E-01
-3.3466E-01
-3.3490E-01
-3.3516E-01
-3.3534E-01
-3.3556E-01
-3.3575E-01
-3.3594E-01
-3.3608E-01
-3.3624E-01
-3.3635E-01
-3.3646E-01
-3.3659E-01
-3.3673E-01
-3.3681E-01
-3.3692E-01
-3.3698E-01
-3.3708E-01
-3.3716E-01
-3.3730E-01
-3.3735E-01
-3.3744E-01
-3.3752E-01
-3.3763E-01
-3.3769E-01
-3.3779E-01
-3.3787E-01
-3.3795E-01
-3.3806E-01
-3.3820E-01
-3.3829E-01
-3.3844E-01
-3.3855E-01
-3.3869E-01
-3.3885E-01
-3.3905E-01
-3.3918E-01
-3.3937E-01
-3.3957E-01
-3.3980E-01
-3.3999E-01
-3.4021E-01
-3.4041E-01
-3.4062E-01
-3.4084E-01
-3.4108E-01
-3.4127E-01
-3.4149E-01
-3.4168E-01
-3.4187E-01
-3.4204E-01
-3.4226E-01
-3.4239E-01
-3.4256E-01
-3.4270E-01
-3.4286E-01
-3.4297E-01
-3.4312E-01
-3.4321E-01
-3.4329E-01
-3.4338E-01
-3.4348E-01
-3.4351E-01
-3.4359E-01
-3.4362E-01
-3.4367E-01
-3.4370E-01
-3.4378E-01
-3.4380E-01
-3.4384E-01
-3.4389E-01
-3.4397E-01
-3.4402E-01
-3.4411E-01
-3.4417E-01
-3.4425E-01
-3.4435E-01
-3.4448E-01
-3.4455E-01
-3.4470E-01
-3.4479E-01
-3.4492E-01
-3.4504E-01
-3.4522E-01
-3.4531E-01
-3.4544E-01
-3.4557E-01
-3.4569E-01
-3.4577E-01
-3.4587E-01
-3.4591E-01
-3.4596E-01
-3.4602E-01
-3.4607E-01
-3.4606E-01
-3.4607E-01
-3.4602E-01
-3.4599E-01
-3.4593E-01
-3.4591E-01
-3.4580E-01
-3.4572E-01
-3.4563E-01
-3.4553E-01
-3.4538E-01
-3.4527E-01
-3.4512E-01
-3.4500E-01
-3.4490E-01
-3.4482E-01
-3.4471E-01
-3.4466E-01
-3.4459E-01
-3.4457E-01
-3.4455E-01
-3.4462E-01
-3.4463E-01
-3.4471E-01
-3.4481E-01
-3.4493E-01
-3.4504E-01
-3.4522E-01
-3.4538E-01
-3.4555E-01
-3.4577E-01
-3.4602E-01
-3.4623E-01
-3.4650E-01
-3.4674E-01
-3.4700E-01
-3.4724E-01
-3.4754E-01
-3.4776E-01
-3.4802E-01
-3.4824E-01
-3.4847E-01
-3.4865E-01
-3.4885E-01
-3.4900E-01
-3.4914E-01
-3.4928E-01
-3.4941E-01
-3.4949E-01
-3.4960E-01
-3.4964E-01
-3.4969E-01
-3.4972E-01
-3.4980E-01
-3.4979E-01
-3.4980E-01
-3.4980E-01
-3.4982E-01
-3.4979E-01
-3.4979E-01
-3.4974E-01
-3.4971E-01
-3.4969E-01
-3.4969E-01
-3.4964E-01
-3.4964E-01
-3.4960E-01
-3.4958E-01
-3.4955E-01
-3.4958E-01
-3.4952E-01
-3.4950E-01
-3.4949E-01
-3.4947E-01
-3.4941E-01
-3.4939E-01
-3.4933E-01
-3.4926E-01
-3.4922E-01
-3.4917E-01
-3.4909E-01
-3.4904E-01
-3.4895E-01
-3.4887E-01
-3.4877E-01
-3.4874E-01
-3.4863E-01
-3.4855E-01
-3.4847E-01
-3.4843E-01
-3.4833E-01
-3.4828E-01
-3.4821E-01
-3.4814E-01
-3.4811E-01
-3.4810E-01
-3.4806E-01
-3.4806E-01
-3.4805E-01
-3.4808E-01
-3.4810E-01
-3.4817E-01
-3.4819E-01
-3.4827E-01
-3.4835E-01
-3.4846E-01
-3.4852E-01
-3.4865E-01
-3.4873E-01
-3.4884E-01
-3.4896E-01
-3.4911E-01
-3.4920E-01
-3.4934E-01
-3.4945E-01
-3.4958E-01
-3.4969E-01
-3.4985E-01
-3.4991E-01
-3.5004E-01
-3.5015E-01
-3.5026E-01
-3.5032E-01
-3.5043E-01
-3.5050E-01
-3.5056E-01
-3.5064E-01
-3.5072E-01
-3.5077E-01
-3.5083E-01
-3.5086E-01
-3.5091E-01
-3.5094E-01
-3.5104E-01
-3.5102E-01
-3.5107E-01
-3.5108E-01
-3.5113E-01
-3.5111E-01
-3.5113E-01
-3.5111E-01
-3.5110E-01
-3.5110E-01
-3.5110E-01
-3.5105E-01
-3.5105E-01
-3.5099E-01
-3.5096E-01
-3.5091E-01
-3.5091E-01
-3.5083E-01
-3.5080E-01
-3.5074E-01
-3.5072E-01
-3.5064E-01
-3.5061E-01
-3.5055E-01
-3.5050E-01
-3.5047E-01
-3.5047E-01
-3.5043E-01
-3.5045E-01
-3.5043E-01
-3.5045E-01
-3.5047E-01
-3.5055E-01
-3.5056E-01
-3.5064E-01
-3.5072E-01
-3.5085E-01
-3.5092E-01
-3.5105E-01
-3.5115E-01
-3.5126E-01
-3.5140E-01
-3.5156E-01
-3.5168E-01
-3.5184E-01
-3.5195E-01
-3.5208E-01
-3.5221E-01
-3.5236E-01
-3.5244E-01
-3.5255E-01
-3.5265E-01
-3.5274E-01
-3.5277E-01
-3.5285E-01
-3.5285E-01
-3.5287E-01
-3.5288E-01
-3.5288E-01
-3.5285E-01
-3.5284E-01
-3.5277E-01
-3.5271E-01
-3.5263E-01
-3.5262E-01
-3.5249E-01
-3.5243E-01
-3.5233E-01
-3.5227E-01
-3.5217E-01
-3.5211E-01
-3.5200E-01
-3.5190E-01
-3.5186E-01
-3.5181E-01
-3.5172E-01
-3.5168E-01
-3.5162E-01
-3.5159E-01
-3.5154E-01
-3.5156E-01
-3.5151E-01
-3.5151E-01
-3.5149E-01
-3.5153E-01
-3.5151E-01
-3.5153E-01
-3.5153E-01
-3.5154E-01
-3.5157E-01
-3.5162E-01
-3.5164E-01
-3.5170E-01
-3.5172E-01
-3.5176E-01
-3.5181E-01
-3.5192E-01
-3.5194E-01
-3.5202E-01
-3.5209E-01
-3.5221E-01
-3.5227E-01
-3.5238E-01
-3.5244E-01
-3.5254E-01
-3.5265E-01
-3.5279E-01
-3.5287E-01
-3.5301E-01
-3.5311E-01
-3.5323E-01
-3.5334E-01
-3.5350E-01
-3.5358E-01
-3.5371E-01
-3.5380E-01
-3.5393E-01
-3.5399E-01
-3.5409E-01
-3.5413E-01
-3.5418E-01
-3.5423E-01
-3.5428E-01
-3.5426E-01
-3.5429E-01
-3.5424E-01
-3.5421E-01
-3.5417E-01
-3.5415E-01
-3.5404E-01
-3.5398E-01
-3.5390E-01
-3.5382E-01
-3.5369E-01
-3.5361E-01
-3.5349E-01
-3.5336E-01
-3.5326E-01
-3.5319E-01
-3.5307E-01
-3.5301E-01
-3.5292E-01
-3.5284E-01
-3.5277E-01
-3.5277E-01
-3.5270E-01
-3.5268E-01
-3.5268E-01
-3.5271E-01
-3.5270E-01
-3.5274E-01
-3.5276E-01
-3.5281E-01
-3.5287E-01
-3.5296E-01
-3.5301E-01
-3.5311E-01
-3.5317E-01
-3.5325E-01
-3.5333E-01
-3.5345E-01
-3.5350E-01
-3.5358E-01
-3.5366E-01
-3.5374E-01
-3.5379E-01
-3.5385E-01
-3.5388E-01
-3.5391E-01
-3.5394E-01
-3.5399E-01
-3.5398E-01
-3.5401E-01
-3.5399E-01
-3.5398E-01
-3.5396E-01
-3.5398E-01
-3.5391E-01
-3.5390E-01
-3.5386E-01
-3.5385E-01
-3.5379E-01
-3.5377E-01
-3.5371E-01
-3.5366E-01
-3.5363E-01
-3.5360E-01
-3.5353E-01
-3.5350E-01
-3.5344E-01
-3.5339E-01
-3.5334E-01
-3.5334E-01
-3.5325E-01
-3.5322E-01
-3.5319E-01
-3.5317E-01
-3.5311E-01
-3.5309E-01
-3.5304E-01
-3.5301E-01
-3.5300E-01
-3.5300E-01
-3.5296E-01
-3.5298E-01
-3.5296E-01
-3.5296E-01
-3.5298E-01
-3.5304E-01
-3.5304E-01
-3.5311E-01
-3.5315E-01
-3.5323E-01
-3.5330E-01
-3.5339E-01
-3.5347E-01
-3.5355E-01
-3.5368E-01
-3.5382E-01
-3.5391E-01
-3.5407E-01
-3.5418E-01
-3.5431E-01
-3.5443E-01
-3.5462E-01
-3.5472E-01
-3.5486E-01
-3.5499E-01
-3.5513E-01
-3.5522E-01
-3.5534E-01
-3.5541E-01
-3.5548E-01
-3.5554E-01
-3.5562E-01
-3.5564E-01
-3.5567E-01
-3.5565E-01
-3.5564E-01
-3.5560E-01
-3.5560E-01
-3.5551E-01
-3.5545E-01
-3.5537E-01
-3.5530E-01
-3.5518E-01
-3.5508E-01
-3.5494E-01
-3.5481E-01
-3.5469E-01
-3.5458E-01
-3.5443E-01
-3.5432E-01
-3.5418E-01
-3.5407E-01
-3.5394E-01
-3.5390E-01
-3.5375E-01
-3.5369E-01
-3.5361E-01
-3.5358E-01
-3.5352E-01
-3.5350E-01
-3.5347E-01
-3.5345E-01
-3.5347E-01
-3.5350E-01
-3.5352E-01
-3.5358E-01
-3.5361E-01
-3.5368E-01
-3.5374E-01
-3.5385E-01
-3.5390E-01
-3.5399E-01
-3.5409E-01
-3.5420E-01
-3.5426E-01
-3.5437E-01
-3.5443E-01
-3.5451E-01
-3.5461E-01
-3.5470E-01
-3.5477E-01
-3.5485E-01
-3.5489E-01
-3.5494E-01
-3.5497E-01
-3.5507E-01
-3.5505E-01
-3.5508E-01
-3.5510E-01
-3.5513E-01
-3.5511E-01
-3.5513E-01
-3.5510E-01
-3.5508E-01
-3.5508E-01
-3.5508E-01
-3.5503E-01
-3.5503E-01
-3.5497E-01
-3.5496E-01
-3.5491E-01
-3.5492E-01
-3.5486E-01
-3.5485E-01
-3.5481E-01
-3.5481E-01
-3.5477E-01
-3.5477E-01
-3.5473E-01
-3.5470E-01
-3.5470E-01
-3.5470E-01
-3.5467E-01
-3.5469E-01
-3.5466E-01
-3.5464E-01
-3.5462E-01
-3.5466E-01
-3.5459E-01
-3.5459E-01
-3.5458E-01
-3.5459E-01
-3.5454E-01
-3.5454E-01
-3.5450E-01
-3.5447E-01
-3.5447E-01
-3.5445E-01
-3.5442E-01
-3.5442E-01
-3.5437E-01
-3.5437E-01
-3.5434E-01
-3.5439E-01
-3.5434E-01
-3.5436E-01
-3.5437E-01
-3.5442E-01
-3.5442E-01
-3.5448E-01
-3.5451E-01
-3.5456E-01
-3.5464E-01
-3.5475E-01
-3.5481E-01
-3.5494E-01
-3.5502E-01
-3.5515E-01
-3.5526E-01
-3.5543E-01
-3.5552E-01
-3.5567E-01
-3.5581E-01
-3.5598E-01
-3.5609E-01
-3.5625E-01
-3.5636E-01
-3.5647E-01
-3.5660E-01
-3.5674E-01
-3.5681E-01
-3.5692E-01
-3.5696E-01
-3.5701E-01
-3.5704E-01
-3.5711E-01
-3.5706E-01
-3.5706E-01
-3.5703E-01
-3.5701E-01
-3.5693E-01
-3.5688E-01
-3.5677E-01
-3.5666E-01
-3.5657E-01
-3.5649E-01
-3.5635E-01
-3.5624E-01
-3.5609E-01
-3.5597E-01
-3.5584E-01
-3.5576E-01
-3.5560E-01
-3.5551E-01
-3.5540E-01
-3.5534E-01
-3.5522E-01
-3.5518E-01
-3.5510E-01
-3.5503E-01
-3.5502E-01
-3.5502E-01
-3.5499E-01
-3.5500E-01
-3.5499E-01
-3.5502E-01
-3.5503E-01
-3.5511E-01
-3.5511E-01
-3.5518E-01
-3.5522E-01
-3.5530E-01
-3.5534E-01
-3.5541E-01
-3.5545E-01
-3.5549E-01
-3.5554E-01
-3.5560E-01
-3.5562E-01
-3.5568E-01
-3.5568E-01
-3.5570E-01
-3.5570E-01
-3.5575E-01
-3.5571E-01
-3.5571E-01
-3.5570E-01
-3.5570E-01
-3.5565E-01
-3.5564E-01
-3.5557E-01
-3.5552E-01
-3.5549E-01
-3.5548E-01
-3.5541E-01
-3.5538E-01
-3.5532E-01
-3.5529E-01
-3.5524E-01
-3.5526E-01
-3.5519E-01
-3.5519E-01
-3.5518E-01
-3.5519E-01
-3.5518E-01
-3.5521E-01
-3.5522E-01
-3.5524E-01
-3.5529E-01
-3.5537E-01
-3.5540E-01
-3.5549E-01
-3.5554E-01
-3.5564E-01
-3.5571E-01
-3.5586E-01
-3.5590E-01
-3.5601E-01
-3.5613E-01
-3.5625E-01
-3.5633E-01
-3.5644E-01
-3.5650E-01
-3.5658E-01
-3.5666E-01
-3.5674E-01
-3.5677E-01
-3.5684E-01
-3.5684E-01
-3.5684E-01
-3.5682E-01
-3.5685E-01
-3.5677E-01
-3.5673E-01
-3.5665E-01
-3.5658E-01
-3.5646E-01
-3.5636E-01
-3.5622E-01
-3.5606E-01
-3.5592E-01
-3.5579E-01
-3.5560E-01
-3.5546E-01
-3.5529E-01
-3.5513E-01
-3.5497E-01
-3.5486E-01
-3.5469E-01
-3.5458E-01
-3.5447E-01
-3.5440E-01
-3.5431E-01
-3.5426E-01
-3.5420E-01
-3.5417E-01
-3.5418E-01
-3.5421E-01
-3.5423E-01
-3.5429E-01
-3.5434E-01
-3.5442E-01
-3.5451E-01
-3.5466E-01
-3.5472E-01
-3.5485E-01
-3.5497E-01
-3.5511E-01
-3.5522E-01
-3.5537E-01
-3.5546E-01
-3.5556E-01
-3.5567E-01
-3.5578E-01
-3.5584E-01
-3.5594E-01
-3.5597E-01
-3.5601E-01
-3.5605E-01
-3.5611E-01
-3.5608E-01
-3.5609E-01
-3.5611E-01
-3.5613E-01
-3.5609E-01
-3.5609E-01
-3.5606E-01
-3.5605E-01
-3.5605E-01
-3.5608E-01
-3.5606E-01
-3.5609E-01
-3.5608E-01
-3.5611E-01
-3.5614E-01
-3.5622E-01
-3.5624E-01
-3.5630E-01
-3.5636E-01
-3.5647E-01
-3.5652E-01
-3.5663E-01
-3.5669E-01
-3.5676E-01
-3.5685E-01
-3.5696E-01
-3.5701E-01
-3.5711E-01
-3.5715E-01
-3.5720E-01
-3.5725E-01
-3.5733E-01
-3.5731E-01
-3.5733E-01
-3.5733E-01
-3.5734E-01
-3.5731E-01
-3.5730E-01
-3.5725E-01
-3.5718E-01
-3.5715E-01
-3.5712E-01
-3.5704E-01
-3.5701E-01
-3.5695E-01
-3.5690E-01
-3.5685E-01
-3.5685E-01
-3.5679E-01
-3.5679E-01
-3.5679E-01
-3.5681E-01
-3.5681E-01
-3.5685E-01
-3.5687E-01
-3.5692E-01
-3.5698E-01
-3.5707E-01
-3.5714E-01
-3.5723E-01
-3.5731E-01
-3.5739E-01
-3.5748E-01
-3.5761E-01
-3.5766E-01
-3.5775E-01
-3.5785E-01
-3.5794E-01
-3.5799E-01
-3.5807E-01
-3.5810E-01
-3.5813E-01
-3.5818E-01
-3.5823E-01
-3.5821E-01
-3.5824E-01
-3.5821E-01
-3.5820E-01
-3.5816E-01
-3.5818E-01
-3.5812E-01
-3.5809E-01
-3.5805E-01
-3.5804E-01
-3.5798E-01
-3.5796E-01
-3.5790E-01
-3.5785E-01
-3.5782E-01
-3.5780E-01
-3.5775E-01
-3.5774E-01
-3.5769E-01
-3.5767E-01
-3.5763E-01
-3.5764E-01
-3.5758E-01
-3.5756E-01
-3.5753E-01
-3.5750E-01
-3.5744E-01
-3.5741E-01
-3.5733E-01
-3.5725E-01
-3.5718E-01
-3.5712E-01
-3.5701E-01
-3.5693E-01
-3.5681E-01
-3.5669E-01
-3.5657E-01
-3.5647E-01
-3.5630E-01
-3.5619E-01
-3.5605E-01
-3.5594E-01
-3.5578E-01
-3.5567E-01
-3.5551E-01
-3.5538E-01
-3.5529E-01
-3.5519E-01
-3.5508E-01
-3.5502E-01
-3.5494E-01
-3.5489E-01
-3.5485E-01
-3.5488E-01
-3.5483E-01
-3.5486E-01
-3.5489E-01
-3.5497E-01
-3.5502E-01
-3.5513E-01
-3.5521E-01
-3.5530E-01
-3.5545E-01
-3.5560E-01
-3.5573E-01
-3.5592E-01
-3.5605E-01
-3.5622E-01
-3.5638E-01
-3.5658E-01
-3.5671E-01
-3.5688E-01
-3.5704E-01
-3.5722E-01
-3.5734E-01
-3.5750E-01
-3.5761E-01
-3.5771E-01
-3.5782E-01
-3.5791E-01
-3.5796E-01
-3.5802E-01
-3.5804E-01
-3.5805E-01
-3.5804E-01
-3.5805E-01
-3.5798E-01
-3.5793E-01
-3.5786E-01
-3.5780E-01
-3.5767E-01
-3.5760E-01
-3.5745E-01
-3.5731E-01
-3.5720E-01
-3.5707E-01
-3.5692E-01
-3.5679E-01
-3.5663E-01
-3.5650E-01
-3.5636E-01
-3.5630E-01
-3.5614E-01
-3.5606E-01
-3.5597E-01
-3.5592E-01
-3.5586E-01
-3.5584E-01
-3.5579E-01
-3.5578E-01
-3.5579E-01
-3.5586E-01
-3.5587E-01
-3.5595E-01
-3.5601E-01
-3.5609E-01
-3.5619E-01
-3.5635E-01
-3.5641E-01
-3.5655E-01
-3.5668E-01
-3.5682E-01
-3.5693E-01
-3.5709E-01
-3.5718E-01
-3.5730E-01
-3.5742E-01
-3.5755E-01
-3.5763E-01
-3.5774E-01
-3.5780E-01
-3.5788E-01
-3.5793E-01
-3.5802E-01
-3.5804E-01
-3.5809E-01
-3.5812E-01
-3.5816E-01
-3.5818E-01
-3.5823E-01
-3.5823E-01
-3.5824E-01
-3.5828E-01
-3.5832E-01
-3.5834E-01
-3.5840E-01
-3.5843E-01
-3.5848E-01
-3.5853E-01
-3.5864E-01
-3.5867E-01
-3.5875E-01
-3.5883E-01
-3.5894E-01
-3.5900E-01
-3.5911E-01
-3.5919E-01
-3.5926E-01
-3.5935E-01
-3.5945E-01
-3.5948E-01
-3.5956E-01
-3.5957E-01
-3.5959E-01
-3.5959E-01
-3.5962E-01
-3.5954E-01
-3.5951E-01
-3.5943E-01
-3.5937E-01
-3.5922E-01
-3.5911E-01
-3.5892E-01
-3.5873E-01
-3.5856E-01
-3.5837E-01
-3.5813E-01
-3.5791E-01
-3.5766E-01
-3.5742E-01
-3.5717E-01
-3.5696E-01
-3.5668E-01
-3.5646E-01
-3.5624E-01
-3.5605E-01
-3.5584E-01
-3.5568E-01
-3.5549E-01
-3.5535E-01
-3.5526E-01
-3.5519E-01
-3.5511E-01
-3.5510E-01
-3.5508E-01
-3.5510E-01
-3.5515E-01
-3.5526E-01
-3.5530E-01
-3.5545E-01
-3.5557E-01
-3.5575E-01
-3.5590E-01
-3.5611E-01
-3.5628E-01
-3.5647E-01
-3.5669E-01
-3.5692E-01
-3.5711E-01
-3.5733E-01
-3.5752E-01
-3.5771E-01
-3.5788E-01
-3.5809E-01
-3.5821E-01
-3.5837E-01
-3.5850E-01
-3.5864E-01
-3.5872E-01
-3.5883E-01
-3.5888E-01
-3.5892E-01
-3.5897E-01
-3.5902E-01
-3.5902E-01
-3.5903E-01
-3.5900E-01
-3.5897E-01
-3.5892E-01
-3.5892E-01
-3.5884E-01
-3.5880E-01
-3.5872E-01
-3.5867E-01
-3.5858E-01
-3.5851E-01
-3.5842E-01
-3.5831E-01
-3.5824E-01
-3.5816E-01
-3.5805E-01
-3.5799E-01
-3.5786E-01
-3.5777E-01
-3.5767E-01
-3.5763E-01
-3.5748E-01
-3.5742E-01
-3.5733E-01
-3.5728E-01
-3.5718E-01
-3.5714E-01
-3.5704E-01
-3.5698E-01
-3.5695E-01
-3.5693E-01
-3.5688E-01
-3.5688E-01
-3.5685E-01
-3.5687E-01
-3.5687E-01
-3.5695E-01
-3.5695E-01
-3.5701E-01
-3.5707E-01
-3.5718E-01
-3.5725E-01
-3.5737E-01
-3.5745E-01
-3.5756E-01
-3.5771E-01
-3.5785E-01
-3.5798E-01
-3.5813E-01
-3.5824E-01
-3.5837E-01
-3.5850E-01
-3.5867E-01
-3.5875E-01
-3.5888E-01
-3.5899E-01
-3.5911E-01
-3.5919E-01
-3.5929E-01
-3.5935E-01
-3.5940E-01
-3.5946E-01
-3.5952E-01
-3.5954E-01
-3.5959E-01
-3.5959E-01
-3.5960E-01
-3.5960E-01
-3.5963E-01
-3.5959E-01
-3.5959E-01
-3.5959E-01
-3.5959E-01
-3.5956E-01
-3.5956E-01
-3.5952E-01
-3.5949E-01
-3.5949E-01
-3.5949E-01
-3.5945E-01
-3.5945E-01
-3.5940E-01
-3.5937E-01
-3.5933E-01
-3.5933E-01
-3.5926E-01
-3.5921E-01
-3.5916E-01
-3.5911E-01
-3.5903E-01
-3.5897E-01
-3.5886E-01
-3.5875E-01
-3.5865E-01
-3.5858E-01
-3.5843E-01
-3.5834E-01
-3.5818E-01
-3.5805E-01
-3.5791E-01
-3.5783E-01
-3.5766E-01
-3.5755E-01
-3.5742E-01
-3.5733E-01
-3.5718E-01
-3.5711E-01
-3.5699E-01
-3.5690E-01
-3.5684E-01
-3.5681E-01
-3.5673E-01
-3.5671E-01
-3.5668E-01
-3.5666E-01
-3.5666E-01
-3.5671E-01
-3.5669E-01
-3.5674E-01
-3.5679E-01
-3.5685E-01
-3.5688E-01
-3.5696E-01
-3.5699E-01
-3.5704E-01
-3.5711E-01
-3.5718E-01
-3.5722E-01
-3.5728E-01
-3.5730E-01
-3.5733E-01
-3.5733E-01
-3.5739E-01
-3.5736E-01
-3.5736E-01
-3.5734E-01
-3.5734E-01
-3.5730E-01
-3.5728E-01
-3.5722E-01
-3.5715E-01
-3.5711E-01
-3.5707E-01
-3.5698E-01
-3.5695E-01
-3.5685E-01
-3.5679E-01
-3.5671E-01
-3.5669E-01
-3.5660E-01
-3.5655E-01
-3.5650E-01
-3.5649E-01
-3.5643E-01
-3.5643E-01
-3.5638E-01
-3.5635E-01
-3.5636E-01
-3.5638E-01
-3.5638E-01
-3.5641E-01
-3.5643E-01
-3.5646E-01
-3.5649E-01
-3.5658E-01
-3.5660E-01
-3.5666E-01
-3.5674E-01
-3.5682E-01
-3.5688E-01
-3.5698E-01
-3.5703E-01
-3.5711E-01
-3.5718E-01
-3.5730E-01
-3.5734E-01
-3.5744E-01
-3.5748E-01
-3.5756E-01
-3.5761E-01
-3.5772E-01
-3.5774E-01
-3.5780E-01
-3.5785E-01
-3.5793E-01
-3.5794E-01
-3.5801E-01
-3.5802E-01
-3.5804E-01
-3.5809E-01
-3.5813E-01
-3.5815E-01
-3.5820E-01
-3.5820E-01
-3.5823E-01
-3.5826E-01
-3.5832E-01
-3.5832E-01
-3.5837E-01
-3.5840E-01
-3.5847E-01
-3.5850E-01
-3.5856E-01
-3.5859E-01
-3.5864E-01
-3.5870E-01
-3.5878E-01
-3.5881E-01
-3.5888E-01
-3.5891E-01
-3.5896E-01
-3.5899E-01
-3.5908E-01
-3.5907E-01
-3.5910E-01
-3.5913E-01
-3.5916E-01
-3.5914E-01
-3.5918E-01
-3.5914E-01
-3.5911E-01
-3.5911E-01
-3.5910E-01
-3.5903E-01
-3.5902E-01
-3.5894E-01
-3.5889E-01
-3.5883E-01
-3.5881E-01
-3.5870E-01
-3.5865E-01
-3.5859E-01
-3.5856E-01
-3.5848E-01
-3.5845E-01
-3.5839E-01
-3.5834E-01
-3.5831E-01
-3.5831E-01
-3.5826E-01
-3.5826E-01
-3.5823E-01
-3.5823E-01
-3.5821E-01
-3.5826E-01
-3.5821E-01
-3.5823E-01
-3.5824E-01
-3.5828E-01
-3.5826E-01
-3.5829E-01
-3.5826E-01
-3.5826E-01
-3.5826E-01
-3.5828E-01
-3.5823E-01
-3.5823E-01
-3.5818E-01
-3.5813E-01
-3.5809E-01
-3.5809E-01
-3.5799E-01
-3.5793E-01
-3.5786E-01
-3.5782E-01
-3.5772E-01
-3.5767E-01
-3.5758E-01
-3.5748E-01
-3.5742E-01
-3.5737E-01
-3.5728E-01
-3.5723E-01
-3.5715E-01
-3.5711E-01
-3.5704E-01
-3.5706E-01
-3.5698E-01
-3.5696E-01
-3.5695E-01
-3.5696E-01
-3.5695E-01
-3.5698E-01
-3.5696E-01
-3.5698E-01
-3.5703E-01
-3.5709E-01
-3.5712E-01
-3.5718E-01
-3.5723E-01
-3.5728E-01
-3.5734E-01
-3.5745E-01
-3.5747E-01
-3.5755E-01
-3.5763E-01
-3.5772E-01
-3.5777E-01
-3.5786E-01
-3.5791E-01
-3.5796E-01
-3.5804E-01
-3.5813E-01
-3.5816E-01
-3.5824E-01
-3.5828E-01
-3.5834E-01
-3.5837E-01
-3.5847E-01
-3.5847E-01
-3.5851E-01
-3.5854E-01
-3.5859E-01
-3.5859E-01
-3.5864E-01
-3.5864E-01
-3.5864E-01
-3.5865E-01
-3.5869E-01
-3.5867E-01
-3.5869E-01
-3.5865E-01
-3.5865E-01
-3.5862E-01
-3.5865E-01
-3.5859E-01
-3.5858E-01
-3.5856E-01
-3.5854E-01
-3.5850E-01
-3.5848E-01
-3.5843E-01
-3.5839E-01
-3.5835E-01
-3.5834E-01
-3.5828E-01
-3.5824E-01
-3.5818E-01
-3.5815E-01
-3.5809E-01
-3.5809E-01
-3.5801E-01
-3.5798E-01
-3.5794E-01
-3.5793E-01
-3.5788E-01
-3.5786E-01
-3.5782E-01
-3.5779E-01
-3.5777E-01
-3.5777E-01
-3.5774E-01
-3.5775E-01
-3.5774E-01
-3.5774E-01
-3.5774E-01
-3.5780E-01
-3.5779E-01
-3.5783E-01
-3.5788E-01
-3.5796E-01
-3.5801E-01
-3.5809E-01
-3.5815E-01
-3.5823E-01
-3.5832E-01
-3.5845E-01
-3.5854E-01
-3.5867E-01
-3.5878E-01
-3.5891E-01
-3.5902E-01
-3.5919E-01
-3.5927E-01
-3.5941E-01
-3.5954E-01
-3.5968E-01
-3.5976E-01
-3.5989E-01
-3.5997E-01
-3.6005E-01
-3.6012E-01
-3.6020E-01
-3.6022E-01
-3.6027E-01
-3.6025E-01
-3.6025E-01
-3.6020E-01
-3.6020E-01
-3.6009E-01
-3.6003E-01
-3.5992E-01
-3.5982E-01
-3.5967E-01
-3.5954E-01
-3.5935E-01
-3.5916E-01
-3.5897E-01
-3.5880E-01
-3.5856E-01
-3.5837E-01
-3.5813E-01
-3.5793E-01
-3.5771E-01
-3.5753E-01
-3.5730E-01
-3.5711E-01
-3.5693E-01
-3.5677E-01
-3.5660E-01
-3.5649E-01
-3.5633E-01
-3.5622E-01
-3.5614E-01
-3.5611E-01
-3.5603E-01
-3.5603E-01
-3.5600E-01
-3.5601E-01
-3.5605E-01
-3.5614E-01
-3.5617E-01
-3.5627E-01
-3.5636E-01
-3.5650E-01
-3.5662E-01
-3.5677E-01
-3.5690E-01
-3.5704E-01
-3.5722E-01
-3.5741E-01
-3.5755E-01
-3.5774E-01
-3.5790E-01
-3.5805E-01
-3.5821E-01
-3.5842E-01
-3.5851E-01
-3.5867E-01
-3.5881E-01
-3.5897E-01
-3.5907E-01
-3.5921E-01
-3.5929E-01
-3.5937E-01
-3.5946E-01
-3.5956E-01
-3.5959E-01
-3.5965E-01
-3.5967E-01
-3.5970E-01
-3.5970E-01
-3.5975E-01
-3.5968E-01
-3.5968E-01
-3.5965E-01
-3.5963E-01
-3.5956E-01
-3.5951E-01
-3.5941E-01
-3.5932E-01
-3.5924E-01
-3.5916E-01
-3.5903E-01
-3.5896E-01
-3.5881E-01
-3.5870E-01
-3.5858E-01
-3.5850E-01
-3.5834E-01
-3.5823E-01
-3.5812E-01
-3.5802E-01
-3.5790E-01
-3.5782E-01
-3.5771E-01
-3.5763E-01
-3.5756E-01
-3.5753E-01
-3.5747E-01
-3.5747E-01
-3.5742E-01
-3.5744E-01
-3.5744E-01
-3.5752E-01
-3.5752E-01
-3.5760E-01
-3.5766E-01
-3.5777E-01
-3.5785E-01
-3.5798E-01
-3.5807E-01
-3.5818E-01
-3.5832E-01
-3.5848E-01
-3.5858E-01
-3.5873E-01
-3.5884E-01
-3.5897E-01
-3.5907E-01
